6081200000
6223850550
6814215000
6223900000
6379250100
6590715000
6261100000
6564100000
6442100000
6515515000
6754750100
6442280100
6139811005
6216111001
6216450550
6156115000
6055700000
6099550550
6134111005
6055900000
6823315000
6823511005
6099400000
6065700000
6398615000
6769615000
6079550550
6843915000
6791350550
6371100000
6063450510
6054900000
6177850550
6513500000
6201100000
6185300000
6310150100
6201550510
6798700000
6806950100
6567150550
6013100000
6323100000
6599850550
6382215000
6723050510
6492850100
6630680100
6704550510
6847500000
6431100000
6036450550
6036350100
6013200000
6013350550
6151650510
6110550550
6218700000
6218650550
6371050550
6370911001
6091050550
6044900000
6567218000
6293450100
6042500000
6042650100
6028115000
6581050550
6007915000
6845750100
6392550550
6058850510
6675300000
6041111001
6056200000
6056100000
6231150100
6804000000
6418850550
6210900000
6814700000
6487250510
6714250510
6056315000
6822300000
6822400000
6183500000
6172300000
6081300000
6444815000
6498650550
6845850880
6007815000
6138050550
6090450550
6156250510
6332811005
6291550510
6554450550
6169500000
6182450510
6375550550
6677950550
6374815000
6117250510
6117650100
6117550100
6737211005
6079780810
6739000000
6637200000
6657800000
6437150510
6815700000
6711650550
6072115000
6019450550
6036600000
6303915000
6275100000
6381950550
6261950550
6261850550
6437200000
6031000000
6031200000
6119700000
6119811001
6182815000
6121000000
6657400000
6020800000
6021115000
6027550100
6170000000
6372411001
6619711001
6089000000
6139900000
6216500000
6332715000
6291750550
6291650100
6307000000
6307200000
6383050550
6632000000
6036800000
6282715000
6036750550
6304050100
6024950100
6052850510
6637300000
6846550100
6386111005
6657515000
6789600000
6657600000
6131350100
6084600000
6084550550
6072050100
6644850550
6715611005
6526715000
6035150550
6049515000
6187100000
6365450550
6131411005
6013450550
6058750510
6630050100
6184950550
6755950550
6755800000
6847711005
6816500000
6735750510
6795850510
6028650550
6801250550
6180050510
6144950510
6423115000
6016811005
6021950100
6752700000
6712611005
6740915000
6730611005
6723850510
6249411005
6279450100
6127015000
6724500000
6214900000
6755700000
6186800000
6647050510
6695450550
6349850100
6147311005
6236011001
6197015000
6022111001
6105811005
6780900000
6780800000
6781000000
6793600000
6828200000
6781100000
6781200000
6146150550
6744950550
6612650550
6354711005
6546650550
6475150510
6619900000
6688850550
6030050550
6821915000
6223150100
6285511001
6043000000
6084250550
6052700000
6084400000
6718250100
6181000000
6843511001
6651511001
6597011005
6709450550
6012650550
6150511001
6435600000
6544850510
6137600000
6040750100
6181600000
6193950550
6220200000
6282911005
6064800000
6194050510
6220550100
6624900000
6065000000
6065111001
6009400000
6009200000
6450750510
6009600000
6145300000
6258850100
6235211001
6194150510
6269650550
6145700000
6412211001
6084300000
6314515000
6357150550
6030100000
6223250580
6045350550
6064015000
6064250550
6058600000
6130900000
6151750550
6703750510
6107115000
6062011005
6370511005
6314050550
6600850100
6472318000
6748015000
6064300000
6291950550
6192015000
6008150550
6270900000
6118200000
6196411005
6794511005
6762200000
6005900000
6305215000
6014250100
6391150100
6258200000
6104850510
6008750510
6140000000
6045250100
6260711005
6411911001
6613650550
6208011005
6024700000
6573150100
6638550550
6830215000
6003415000
6531250100
6253615000
6819700000
6715850510
6443650510
6550300000
6000400000
6131000000
6283011005
6283150550
6292900000
6218350510
6256550550
6613715000
6614015000
6498850550
6674815000
6620015000
6596150550
6448615000
6312700000
6312600000
6831615000
6551150550
6040600000
6080700000
6092850510
6035500000
6282650550
6131250550
6283250100
6314650550
6314750550
6205515000
6239450510
6070000000
6736315000
6681150510
6095050550
6193500000
6372350550
6852300000
6258150510
6658511005
6209950510
6114550100
6674550510
6310450510
6467100000
6008900000
6008800000
6388250510
6594880880
6512600000
6671750100
6359150510
6009000000
6028750510
6028850510
6116550550
6028950510
6349000000
6348950100
6384511005
6777100000
6226200000
6607015000
6704615000
6630515000
6567750100
6319800000
6413750100
6333300000
6477250510
6805050580
6477100000
6476900000
6477000000
6489000000
6477350100
6699200000
6000700000
6364350510
6645000000
6645115000
6742050510
6460750550
6126500000
6592150100
6707450550
6543050510
6723650510
6591900000
6543200000
6112800000
6516611005
6345411001
6202111001
6237950510
6402415000
6610111001
6385111005
6324950550
6361200000
6369015000
6060700000
6413280880
6630811005
6776011005
6310300000
6149200000
6226750550
6162550510
6047600000
6100200000
6100150550
6419515000
6238100000
6455950510
6459850100
6088315000
6088215000
6530915000
6550111005
6779750510
6113090000
6212111005
6089150550
6766515000
6595950510
6015800000
6244215000
6043411005
6063550100
6631000000
6591315000
6631311005
6665150510
6057250550
6595311005
6391211005
6074650100
6101900000
6649150510
6684415000
6767950100
6697450550
6539611005
6763950550
6821450100
6244515000
6145050510
6525950510
6662650100
6273200000
6198500000
6491550510
6267650510
6620350510
6392600000
6268650550
6553711005
6650950550
6448450510
6553411001
6333611005
6002211005
6483150510
6493650510
6037800000
6137750550
6406900000
6332200000
6090015000
6021250510
6618500000
6329050510
6328911005
6101500000
6093400000
6221250550
6146350550
6146280880
6222300000
6060000000
6089715000
6089950510
6089815000
6183800000
6268700000
6795215000
6292715000
6690011001
6035650100
6187600000
6097050100
6051050510
6822015000
6403100000
6636700000
6545200000
6509311005
6571750100
6228600000
6578450550
6619611005
6155550510
6756000000
6673300000
6101000000
6035200000
6159300000
6144650550
6581611001
6029000000
6001200000
6141311001
6554250100
6370650510
6137850550
6256400000
6448150510
6192315000
6369611005
6194418000
6664350550
6001350550
6040950550
6010700000
6032500000
6322311001
6538500000
6011011005
6226000000
6170600000
6159650550
6181915000
6283915000
6640515000
6439800000
6170500000
6224250550
6183750100
6718050550
6101150100
6800080880
6213950510
6645900000
6023900000
6035450510
6732950510
6725750510
6759150510
6145611005
6170300000
6296350550
6273400000
6400850100
6604850100
6537250550
6400711001
6115411005
6845150550
6848915000
6830011005
6145450550
6009150510
6615800000
6053950550
6127900000
6417550550
6265615000
6019650550
6019750510
6038500000
6107700000
6524050510
6523911005
6478911005
6423315000
6523850510
6489650100
6140500000
6835350550
6333250510
6333050100
6835211001
6333111005
6718550550
6850800000
6851015000
6521750550
6262050550
6538450550
6429550100
6343015000
6344550550
6465450510
6032150550
6802150100
6127800000
6177700000
6026950550
6026550550
6512850510
6440800000
6327300000
6085050550
6803650550
6731850550
6792811005
6731911001
6824200000
6792650100
6766350100
6220611005
6244100000
6293015000
6334100000
6844811005
6334211005
6832750550
6317450100
6554900000
6478800000
6478750510
6654450510
6260050550
6436450550
6822600000
6040800000
6252100000
6242250100
6252415000
6252000000
6252250510
6840600000
6663415000
6734500000
6849915000
6838900000
6161150550
6161250550
6826050100
6359400000
6488650550
6621750550
6446550510
6306800000
6832150100
6742850510
6787211005
6446450100
6192500000
6496850550
6698650510
6460150550
6333500000
6789050550
6489200000
6521850510
6646050550
6578311005
6716511005
6521950550
6103850550
6043511001
6116011005
6257350550
6337200000
6507750550
6834150550
6632915000
6145200000
6241400000
6064700000
6744250510
6693850510
6045450550
6144700000
6098511005
6291150550
6671000000
6314911001
6181700000
6614850550
6485900000
6114400000
6551211001
6474611001
6551011001
6799900000
6716300000
6196500000
6047700000
6254500000
6519911005
6588400000
6520211001
6475611005
6756511005
6517950550
6014550550
6057800000
6014450510
6040400000
6167200000
6134250100
6085950550
6251650550
6835850550
6672450510
6211100000
6822100000
6390250550
6390050550
6642515000
6153950510
6418700000
6826315000
6210700000
6617350510
6134050510
6840400000
6840515000
6628615000
6795115000
6817350550
6657050100
6167300000
6077800000
6156515000
6002100000
6807250550
6569550550
6003311001
6830900000
6830800000
6550711005
6167800000
6254350100
6243211005
6474750510
6420515000
6674611005
6016000000
6153700000
6468850510
6003515000
6003615000
6760250510
6235450550
6297515000
6221350550
6657111005
6681850550
6797011005
6167950100
6306215000
6137911005
6596015000
6331150510
6453650550
6685650550
6721615000
6479650510
6200600000
6633050100
6706511005
6146750510
6118115000
6772850100
6146811001
6117915000
6118000000
6069611005
6107211001
6808050580
6637411001
6819015000
6852715000
6657718000
6657300000
6777200000
6777000000
6307400000
6461715000
6395600000
6395700000
6532850550
6216650550
6060600000
6211400000
6328650100
6211380810
6252300000
6068600000
6224511005
6532050100
6289950100
6716450100
6016100000
6035300000
6127711005
6127450100
6049650100
6083450100
6729700000
6556050550
6342900000
6428450550
6727150100
6485700000
6511000000
6559111005
6529011005
6511150100
6777515000
6852850100
6682011005
6687650100
6803111005
6669300000
6687550550
6593250510
6710715000
6826600000
6559050100
6160600000
6627250100
6556800000
6300500000
6480700000
6531115000
6644211001
6715311005
6731200000
6671911005
6741500000
6808750900
6753450100
6379550550
6120811005
6503815000
6745450100
6097550550
6187750550
6128950550
6164711005
6128650550
6148300000
6261550510
6379815000
6379715000
6198950550
6148400000
6753800000
6178050550
6617750100
6790011005
6229950550
6850700000
6638615000
6812811005
6785750550
6638850100
6225600000
6327550550
6404850100
6241050550
6491600000
6027050510
6418400000
6559900000
6327400000
6359680100
6004850100
6784300000
6179950580
6077750100
6369150510
6579650550
6747350510
6163550510
6138200000
6155650510
6420950550
6138100000
6420800000
6702915000
6629250550
6069411001
6069300000
6680600000
6680200000
6526511005
6629500000
6746900000
6186500000
6186600000
6186450550
6006000000
6000350550
6406200000
6418950550
6069250550
6049900000
6205715000
6249611005
6182100000
6667550510
6214000000
6317511005
6392211005
6560515000
6243300000
6214150100
6293150550
6120911001
6838511005
6121100000
6703450510
6565900000
6566200000
6766650550
6588011001
6800115000
6606350100
6275600000
6343200000
6011100000
6006700000
6006800000
6481750550
6075500000
6344100000
6237550510
6344011005
6788111005
6555115000
6083200000
6096311005
6187011001
6647115000
6083115000
6695350100
6215150550
6179711001
6446350100
6243915000
6155800000
6324650550
6187350550
6385350550
6127600000
6083300000
6406800000
6474250100
6443850550
6518411005
6474350510
6688511001
6576350550
6843711001
6713750550
6778500000
6154450550
6595611005
6442911001
6406600000
6415515000
6415450100
6192700000
6397515000
6100300000
6100411005
6611750100
6385415000
6510015000
6509950100
6157550550
6157600000
6035950550
6281350550
6508600000
6354811005
6469050100
6071750100
6151150100
6586250550
6016200000
6064415000
6021815000
6198100000
6223311005
6272211005
6061300000
6757111005
6061915000
6476815000
6061700000
6157711005
6061850510
6852100000
6151950550
6098250510
6072550510
6495850550
6015250550
6015150550
6528000000
6544550510
6791900000
6350711005
6285700000
6285611005
6327750510
6360300000
6093100000
6182911005
6389711005
6119315000
6298815000
6119250510
6160900000
6679650510
6349650550
6249250510
6647350550
6349750100
6249350550
6646600000
6646700000
6431615000
6466900000
6324150550
6346211005
6329500000
6688300000
6178950100
6364550510
6577750550
6231750550
6420450100
6659011001
6531850100
6531611001
6420650550
6290050550
6779200000
6836350510
6658700000
6419250510
6755115000
6755050550
6061450550
6035750550
6652150100
6192650880
6192911005
6193411005
6024350550
6035850510
6051150100
6128150510
6097250100
6522650550
6193015000
6159050510
6397311005
6623350100
6677318000
6522850100
6094800000
6599600000
6389350510
6007650100
6630400000
6704911005
6697150550
6288800000
6305811001
6288600000
6288711005
6013550550
6025150100
6670650550
6025050100
6017215000
6044450100
6044350510
6501900000
6601100000
6619000000
6766211001
6204600000
6697715000
6518200000
6577550100
6784215000
6136315000
6242500000
6406700000
6288550510
6235300000
6410511001
6297250550
6399550510
6030900000
6016300000
6043780510
6142450100
6294050550
6169650550
6187900000
6281711005
6808950550
6274550550
6599900000
6427950510
6251850510
6005811005
6087415000
6515715000
6242600000
6799615000
6136450550
6531500000
6168000000
6179450510
6496711001
6191200000
6323500000
6234950510
6318650510
6335415000
6307750100
6295415000
6744550100
6253800000
6317150550
6688411001
6208300000
6037200000
6077400000
6714800000
6503715000
6564950550
6692111001
6471550100
6670950100
6061600000
6534150550
6761450550
6000600000
6114650550
6716811001
6414915000
6414811005
6377415000
6400150100
6186900000
6647215000
6302950550
6436500000
6385550550
6037000000
6730415000
6053015000
6573550510
6740700000
6762115000
6788615000
6022250550
6050150550
6109311001
6341000000
6379050550
6056011005
6175300000
6483950510
6434650510
6070650510
6070850510
6049050510
6012150100
6012250550
6002315000
6340550510
6161011001
6628250510
6340950100
6247550510
6617611001
6831250100
6838611005
6642450100
6575050550
6304511001
6499150550
6425500000
6425200000
6557350550
6411600000
6411700000
6603550550
6631950510
6345950100
6737350550
6295215000
6681515000
6686850100
6037950550
6734011005
6792250550
6412500000
6427550510
6843350510
6041300000
6332350550
6520950550
6784400000
6814300000
6381450510
6606015000
6428700000
6142900000
6371750510
6142750550
6597211005
6143015000
6170150510
6380950550
6566500000
6664250550
6127350550
6128050550
6049750550
6150750550
6109450550
6049850510
6303000000
6757300000
6342311005
6785950510
6477411005
6676550510
6337500000
6028550550
6064111001
6016450510
6063900000
6380700000
6716700000
6306311005
6392300000
6601400000
6498511005
6688650100
6487850510
6365350550
6284650510
6533011005
6055250510
6641950550
6055350510
6616711005
6617050550
6285450100
6055400000
6076200000
6460950100
6646100000
6407015000
6050050550
6109215000
6264615000
6670850550
6128215000
6176011001
6097300000
6128700000
6546550550
6842650550
6076100000
6756150100
6840800000
6276150100
6509011001
6636000000
6558150510
6806311005
6053215000
6084950100
6687950510
6471750550
6431511005
6185515000
6665511005
6656411005
6631415000
6748700000
6262711005
6301511005
6262650510
6162450510
6345650510
6472200000
6600950510
6210250510
6094700000
6060100000
6446211005
6215615000
6008000000
6041650550
6291011005
6684550510
6676111005
6767811005
6649000000
6343300000
6001750510
6337050510
6490850550
6556750100
6679915000
6005150550
6026700000
6054850510
6484100000
6484211001
6435850510
6469411001
6469350550
6544650550
6128350510
6624000000
6623811005
6397250100
6522500000
6533700000
6522900000
6523050510
6081400000
6525700000
6120500000
6120700000
6564315000
6247600000
6061500000
6055850510
6405850100
6347711005
6446111005
6675800000
6332511001
6318150510
6255300000
6000250550
6672700000
6350950100
6002415000
6003050510
6002550550
6545300000
6545950550
6635411005
6225750550
6184750510
6200150550
6692350550
6109550550
6585715000
6313015000
6173050550
6172411005
6492050510
6491900000
6827350550
6354500000
6527611005
6354650510
6207200000
6145100000
6372900000
6849250550
6044050510
6181550100
6487900000
6290150510
6816650510
6451200000
6451150510
6244811005
6296411001
6049100000
6629780880
6430211005
6322615000
6322515000
6081618000
6022650100
6210300000
6530615000
6731350510
6778700000
6846311001
6339250510
6198211005
6246850550
6536250550
6153400000
6153250550
6004950550
6358911005
6358750100
6240950100
6249550100
6012715000
6642215000
6714115000
6642011005
6635200000
6513300000
6047500000
6708550510
6764450550
6791850100
6033800000
6033700000
6423450550
6220950510
6335915000
6696100000
6661450100
6450950550
6690515000
6093300000
6093200000
6435711001
6435911005
6544950100
6545550550
6545600000
6592611001
6684611001
6819811001
6837250100
6717550510
6023800000
6100000000
6285200000
6753350100
6517050550
6305650550
6419615000
6576100000
6575900000
6575611001
6753250510
6154500000
6406550100
6516811005
6474000000
6303350550
6544715000
6350815000
6469200000
6833400000
6293950550
6651715000
6668711005
6635300000
6496950510
6683900000
6022700000
6490900000
6215350550
6851800000
6142800000
6143100000
6504090000
6040000000
6673850550
6698715000
6212211005
6847650100
6539850510
6566850550
6795950100
6072650550
6110711005
6265415000
6297150510
6799711001
6399750550
6297650550
6376150550
6297050510
6154350550
6112900000
6850950550
6613900000
6572711001
6457850100
6230100000
6265700000
6327150550
6417811001
6417650510
6327000000
6404550550
6699300000
6744050550
6853050550
6780515000
6768715000
6404650510
6458350510
6417715000
6077500000
6540900000
6773111001
6540800000
6432500000
6233050550
6552911001
6553050510
6488911001
6363418000
6496611005
6419450510
6415300000
6527411005
6634050550
6633950510
6121500000
6440350550
6326900000
6315015000
6358350550
6575150510
6327211005
6516550550
6082800000
6071150550
6096250550
6731750550
6759900000
6536850550
6028400000
6078611005
6684911005
6477950550
6371311005
6334650510
6532115000
6793015000
6756350510
6097800000
6770950510
6165000000
6614150510
6708250510
6750250100
6565500000
6121750550
6121850510
6121415000
6148550550
6341711005
6241850550
6027215000
6643815000
6643611001
6266211005
6090350550
6102050810
6139311005
6845950100
6243800000
6215250100
6173900000
6466711005
6003200000
6269950100
6696215000
6835050550
6658050100
6207515000
6071850550
6130111005
6207850550
6439450550
6573650550
6439300000
6041000000
6827750510
6474850510
6293250550
6841711001
6833950550
6610750550
6352650100
6352700000
6737100000
6507550100
6507650550
6723250100
6823650550
6002600000
6002900000
6383800000
6002800000
6002750510
6150150510
6123150510
6046850550
6046750550
6123011001
6673050100
6684050510
6406411001
6497150550
6122950510
6538950510
6000800000
6645450550
6391850550
6420300000
6674200000
6262300000
6735311005
6343415000
6122850550
6343900000
6649300000
6649611005
6695550100
6396700000
6269000000
6015950100
6344350550
6046911001
6046611005
6069815000
6608500000
6541450510
6300980880
6322750510
6161800000
6018900000
6484550100
6004100000
6001400000
6629950550
6275500000
6655615000
6629850550
6526600000
6775350550
6636850510
6267411005
6517750510
6287550100
6364115000
6024000000
6116800000
6514650100
6616950100
6641800000
6851400000
6285950550
6813000000
6506150550
6413650550
6382311005
6506200000
6324700000
6350650550
6350150510
6350250100
6435550550
6791215000
6247700000
6840300000
6566700000
6513400000
6587015000
6587150510
6731150100
6068400000
6120450510
6007200000
6007315000
6088511005
6007400000
6057715000
6024100000
6206515000
6354150100
6050911005
6750650100
6206411008
6457450510
6249950550
6050850510
6801950550
6822700000
6060900000
6008350550
6217100000
6217350100
6015450510
6008450100
6027800000
6849350100
6842811005
6802050510
6470450510
6636950550
6826550100
6846950510
6771515000
6849150510
6779450100
6213015000
6659150510
6849015000
6092900000
6106011005
6045515000
6045600000
6344900000
6345100000
6567650510
6763600000
6382180810
6345050550
6770350510
6737400000
6796511005
6749400000
6737550510
6432850100
6219700000
6764200000
6144850550
6295150550
6814900000
6159450550
6116700000
6090611005
6159250550
6144300000
6452500000
6690950550
6556350510
6106600000
6390350100
6807300000
6211000000
6814815000
6465315000
6226150550
6465550100
6259900000
6298250100
6270250510
6654550550
6298150510
6562200000
6425600000
6246911001
6320115000
6425715000
6801811001
6320550550
6106250100
6535950550
6603615000
6613850100
6110050100
6071900000
6075600000
6497915000
6460400000
6540750510
6347350550
6401511001
6310750510
6845600000
6020650550
6088611005
6076000000
6734300000
6778000000
6778150510
6792350510
6760550550
6819250100
6777900000
6759511001
6347400000
6432450510
6301000000
6236750510
6557511005
6537450100
6565000000
6020400000
6088011005
6074815000
6644100000
6672950810
6644050100
6714950100
6846411005
6180200000
6630750100
6605850550
6609750550
6609950510
6609811005
6349515000
6148850550
6492750550
6591150100
6664811001
6148700000
6310050100
6606911008
6276000000
6078850550
6157450550
6622400000
6488850510
6077311005
6552550510
6082900000
6194250550
6011750550
6459650100
6459411005
6241515000
6459500000
6065550100
6653715000
6245050100
6029200000
6647450100
6659611001
6647590990
6800350550
6032250550
6455450510
6795415000
6566450550
6606250550
6764750100
6510450550
6485300000
6200400000
6343711005
6200350510
6633215000
6507850510
6211900000
6329100000
6305550100
6315200000
6333400000
6268411001
6157950510
6268200000
6565400000
6135150580
6074915000
6154150510
6286550550
6211750100
6135550550
6112600000
6135215000
6714650510
6211600000
6787315000
6292050550
6184800000
6300800000
6430950100
6772700000
6098400000
6176800000
6098300000
6615490000
6428800000
6703850550
6194300000
6602011005
6661711005
6381815000
6817750510
6704050550
6245300000
6296915000
6673450880
6081700000
6344811005
6173450100
6173315000
6748150100
6496411005
6328311001
6459711005
6315950550
6717700000
6717815000
6717450550
6810050550
6809950100
6480611001
6427111001
6454650100
6328250550
6327950550
6496315000
6591850550
6815550550
6807650550
6744850550
6336250550
6090950510
6145915000
6161700000
6030800000
6199111001
6400915000
6505711005
6747915000
6322850550
6455715000
6022300000
6382000000
6505515000
6173100000
6220850550
6398050550
6220711005
6625250550
6832950510
6406111005
6786400000
6653650550
6661511001
6699650100
6690650510
6079100000
6296550510
6116950510
6117011001
6190250510
6286715000
6039650550
6173200000
6372600000
6372750100
6219511005
6369711005
6692050100
6503350100
6379450510
6537115000
6078100000
6115750550
6078250510
6268900000
6078350550
6198700000
6000900000
6252650550
6006900000
6165400000
6283550550
6188650550
6328750100
6286450550
6715100000
6673150100
6266750550
6314850550
6098900000
6641200000
6177350810
6152850550
6133011001
6177550510
6132850510
6177415000
6085611005
6099115000
6418050510
6741300000
6209000000
6099250510
6039700000
6039800000
6363250100
6440200000
6471850550
6252700000
6212050510
6116300000
6648150100
6648250550
6786700000
6488250510
6560990000
6248050550
6199050100
6816950550
6219350510
6335250550
6452800000
6490350100
6453050510
6490211005
6779800000
6532415000
6552111001
6756650510
6772050100
6295000000
6708350510
6286600000
6253750100
6771000000
6387750550
6615200000
6614900000
6027950100
6077911005
6577300000
6363315000
6345300000
6705150510
6736550550
6382450100
6101200000
6764150510
6493250510
6599700000
6467050510
6493115000
6529650550
6308600000
6439750510
6439611005
6387650550
6404050550
6300700000
6262250550
6262150550
6200500000
6237400000
6731000000
6641500000
6486850100
6575815000
6802950550
6616450100
6199515000
6299715000
6309511005
6537950510
6321750100
6038011001
6073111001
6013850100
6038100000
6055111005
6177950100
6073511005
6073411001
6073300000
6046200000
6031350100
6046100000
6222400000
6427815000
6041800000
6108900000
6311300000
6035000000
6204850550
6049400000
6483000000
6527150510
6541700000
6482900000
6018800000
6334000000
6489100000
6622850550
6489300000
6831350550
6660700000
6477650550
6448750550
6815800000
6808315000
6333950510
6068300000
6148150100
6343850550
6430750550
6763400000
6214800000
6453700000
6298300000
6626950510
6298400000
6556450100
6015550100
6112715000
6135415000
6496511001
6077150100
6379300000
6564500000
6503250550
6503150510
6683411001
6776500000
6150400000
6311950550
6311550550
6107350550
6094650100
6401200000
6081100000
6590811005
6299850510
6663715000
6309750100
6121615000
6115615000
6141950510
6063200000
6281150550
6573250550
6670550510
6356950510
6083000000
6191300000
6179515000
6539350510
6373515000
6373600000
6032800000
6239100000
6570450550
6321300000
6341111001
6153000000
6073215000
6594915000
6447850550
6649850510
6157815000
6447911001
6580150510
6378150550
6378011005
6281000000
6582400000
6450300000
6582350550
6450611001
6020500000
6287450550
6311400000
6235115000
6016950100
6009511005
6009850510
6618650510
6708450550
6500250550
6144200000
6799850550
6476650100
6676250550
6307315000
6232950510
6078900000
6570350510
6666950550
6312050550
6402250550
6084850510
6019500000
6126700000
6279300000
6634400000
6126950550
6126800000
6143500000
6193150550
6042800000
6342050100
6349100000
6349311001
6349450550
6349211005
6358411005
6486511001
6616250100
6284850100
6091100000
6079650550
6117400000
6375350510
6653850510
6065311005
6159500000
6029511005
6773050100
6197111005
6029300000
6204000000
6433715000
6542650100
6433415000
6434011005
6507911005
6433511005
6433650510
6483650510
6569850550
6016550550
6624750550
6581711005
6523611005
6558250550
6775511005
6046511001
6435350550
6414711001
6659550510
6350050510
6833000000
6443700000
6550600000
6391750550
6685415000
6766850510
6381550550
6819611001
6579711005
6395515000
6533150100
6553100000
6148250550
6299150510
6426550510
6093650510
6464700000
6378811001
6222500000
6323211001
6316350510
6673511005
6266611005
6266400000
6088100000
6266350510
6166915000
6310550550
6345700000
6705550100
6170711001
6194515000
6480850100
6465615000
6567411005
6381700000
6735050550
6812600000
6797250550
6008515000
6797350510
6217850550
6075100000
6178415000
6443115000
6100600000
6835950550
6327850100
6405900000
6786500000
6166300000
6642350510
6790111005
6790300000
6241300000
6672300000
6472715000
6778850510
6472600000
6147850550
6119900000
6835750550
6171850550
6247050550
6320200000
6095300000
6094500000
6122515000
6122750510
6380150100
6199815000
6321850550
6775015000
6380215000
6412850100
6106700000
6360200000
6713415000
6305400000
6449000000
6158900000
6743800000
6841900000
6577400000
6497000000
6075000000
6208950550
6480900000
6465215000
6429915000
6538350550
6837650550
6430015000
6087950100
6618311005
6014000000
6490050550
6375750550
6374911001
6046400000
6580011005
6103150510
6307550510
6409000000
6115250510
6430400000
6344215000
6122650510
6069750550
6430550550
6537500000
6537815000
6021600000
6395800000
6421850510
6021550550
6807711005
6447750550
6396250510
6659950510
6840750550
6481550100
6505815000
6178300000
6211850810
6074715000
6286850100
6641700000
6219200000
6522115000
6143250100
6273300000
6068500000
6727050100
6745500000
6301711001
6301911005
6310600000
6702480880
6381600000
6606150510
6847115000
6836850550
6747700000
6037100000
6495715000
6208450550
6230750880
6077650510
6248850510
6507111005
6636650550
6097150100
6636311005
6611211005
6282800000
6184000000
6628750550
6184250510
6184100000
6277300000
6794250550
6310850550
6432750100
6745611005
6301850510
6072200000
6236650550
6525850100
6604311005
6236550550
6072400000
6250815000
6072350550
6538650550
6505450510
6266900000
6212350550
6363650550
6497350100
6381300000
6455311005
6457200000
6469750100
6457350550
6694015000
6325150550
6484411005
6436600000
6469850100
6342250510
6841100000
6449650510
6462350510
6534050510
6327650550
6456200000
6507250510
6794150550
6812200000
6238300000
6038350550
6107500000
6088950550
6831500000
6137050100
6011800000
6568850550
6108050100
6705850550
6685915000
6011911005
6162650550
6161950550
6032950510
6171900000
6701150550
6272350510
6791450100
6120015000
6247150550
6732000000
6841400000
6319050550
6720150100
6149800000
6108100000
6432950550
6381100000
6381211005
6703915000
6566611005
6342700000
6342800000
6703650100
6428600000
6734800000
6428200000
6012000000
6018650100
6048900000
6070700000
6347815000
6034750550
6749550550
6095700000
6263400000
6096000000
6311015000
6023550100
6018700000
6095850550
6263550510
6706450100
6527011005
6541550550
6034600000
6018511005
6070915000
6569350510
6569600000
6302350100
6034400000
6302515000
6829250550
6841015000
6617450550
6425800000
6563815000
6272500000
6320350100
6853650510
6172015000
6853511005
6183015000
6320450510
6851550550
6203350550
6082615000
6203215000
6150050550
6203100000
6541880880
6568900000
6125211005
6541211005
6398800000
6375650100
6375250550
6399250510
6073950510
6698411005
6467550550
6123450100
6123550550
6011450550
6085100000
6198300000
6583500000
6147950100
6013600000
6851300000
6616611005
6550250550
6253100000
6517250100
6363950510
6517350550
6731550510
6316600000
6443000000
6658811005
6560050550
6549950550
6683750100
6549811001
6208500000
6712711001
6832250100
6573050100
6593511001
6229750550
6798000000
6224050510
6536650100
6273011001
6457700000
6669815000
6751400000
6669650510
6839211005
6541111001
6761050550
6842711005
6761150510
6632615000
6665750100
6383750550
6034311005
6228711005
6402050100
6592350510
6367500000
6724915000
6041500000
6299611001
6662750100
6321200000
6696900000
6151850100
6485850510
6131550550
6152050550
6110600000
6596650550
6596800000
6718350510
6521600000
6718400000
6596715000
6499700000
6216850510
6447250550
6825850550
6649750550
6462100000
6294850550
6219400000
6258000000
6318550550
6478600000
6439500000
6614511005
6417350550
6495615000
6070500000
6440150550
6152215000
6208811001
6698300000
6617815000
6085700000
6231250510
6231000000
6753911005
6131750550
6152150100
6131850100
6675100000
6065450100
6079350550
6170250550
6423650550
6653950100
6244600000
6661311005
6374350550
6273600000
6273800000
6273950510
6321000000
6426900000
6502200000
6502315000
6701215000
6733450550
6272750510
6425915000
6426111005
6491211005
6198450550
6480000000
6523711005
6500511005
6269511008
6295711005
6181850550
6335700000
6593900000
6783950550
6773211005
6432615000
6812350510
6332450550
6394150100
6394315000
6306715000
6059900000
6326200000
6303700000
6303500000
6303450100
6326550510
6303615000
6303850550
6740450550
6297800000
6598350100
6453450550
6626000000
6754000000
6053150510
6084711005
6367450550
6488350510
6138900000
6449150550
6651300000
6676715000
6719350550
6780311005
6695600000
6743050100
6622250100
6649450550
6570600000
6141000000
6369900000
6716611005
6578650550
6498700000
6833600000
6771650550
6620111001
6675050510
6001500000
6032600000
6765550100
6615715000
6222600000
6258400000
6188450550
6176600000
6188500000
6357711005
6458450100
6776250100
6251100000
6343600000
6423900000
6453850510
6824300000
6842115000
6842211005
6836411005
6842311001
6566350510
6763150510
6680715000
6313100000
6508850510
6352850510
6415950550
6388011005
6528150510
6668250550
6600450550
6308400000
6298950510
6308550550
6338615000
6593400000
6052000000
6689850550
6448500000
6075450100
6341400000
6341311001
6007100000
6135915000
6007511005
6061250550
6256050510
6255950100
6628511001
6526050550
6235000000
6079200000
6625350100
6374211001
6625115000
6296650510
6220100000
6220350510
6258550510
6156000000
6451900000
6259250100
6422400000
6259800000
6344415000
6455550550
6599011001
6505950510
6599450510
6704150100
6606400000
6263100000
6347550100
6141100000
6756900000
6447015000
6255511001
6521550510
6102511001
6743250510
6077218000
6077000000
6064500000
6481400000
6185015000
6401350550
6455615000
6416500000
6611900000
6612150550
6612200000
6386011005
6175600000
6187250550
6127550510
6127115000
6384650510
6384400000
6494350100
6494550100
6468450510
6445950550
6733250550
6745050100
6524450510
6015300000
6011600000
6318850510
6335515000
6219915000
6220015000
6536700000
6058900000
6646415000
6059000000
6520150510
6144400000
6144550100
6219650550
6057900000
6058050550
6267350510
6618800000
6058100000
6085200000
6018350550
6131650510
6131950510
6486250550
6072750550
6694950510
6658650550
6672250550
6108750550
6108550550
6316000000
6166880880
6516300000
6211200000
6242015000
6105500000
6118350510
6336500000
6190400000
6288350100
6460250100
6731615000
6391650510
6364450100
6460650100
6460515000
6034200000
6202750550
6048550550
6048315000
6043911001
6422350550
6660511005
6650150550
6333715000
6292850510
6783050510
6747600000
6381000000
6747515000
6795550510
6027700000
6203400000
6542111005
6263850100
6612000000
6299300000
6726500000
6410611001
6685515000
6590200000
6482150100
6185400000
6301650100
6380650510
6605650100
6565850100
6380800000
6141500000
6168450550
6407215000
6290550510
6290650100
6407615000
6116111001
6234550100
6169750100
6347200000
6794315000
6048400000
6119415000
6067850100
6080850100
6607950100
6276915000
6794800000
6769950550
6723411001
6174411001
6174515000
6773750100
6194900000
6195050100
6222011005
6453211001
6414250550
6277000000
6541015000
6432315000
6467615000
6456315000
6632411001
6428911005
6429000000
6585650550
6511900000
6326300000
6816000000
6326400000
6206000000
6003950550
6494850550
6416211005
6357200000
6438650510
6426000000
6480111001
6563711005
6696650100
6536000000
6098100000
6052911001
6712111001
6036950510
6250750100
6465050550
6663211005
6782450550
6805450550
6622750510
6810715000
6749250510
6749190000
6639700000
6639811005
6639911005
6098015000
6258650550
6677611001
6009750100
6065211005
6258911005
6220411005
6064900000
6090700000
6009950550
6017100000
6385850550
6823950510
6469900000
6555900000
6434400000
6456700000
6693211005
6383600000
6165300000
6230650100
6265311005
6176750510
6758850100
6230800000
6284115000
6354050510
6677190000
6624150100
6794900000
6227311005
6202811001
6805600000
6277150510
6576050510
6585911005
6726700000
6459215000
6210600000
6108250550
6149950100
6790615000
6493850100
6541600000
6147650550
6080950100
6119550510
6093050100
6633150100
6493750510
6799550550
6133800000
6799111005
6771350510
6786311005
6786211001
6672550550
6375900000
6625900000
6376050550
6578800000
6674750550
6551411005
6619815000
6688700000
6070400000
6042250510
6115350100
6063815000
6234015000
6825100000
6280750100
6206815000
6373800000
6373750100
6555715000
6720650550
6725900000
6374050100
6373911001
6758950100
6397900000
6398100000
6269700000
6696311005
6720800000
6451050100
6313350550
6313450510
6353211001
6470511001
6509550510
6385950550
6416350550
6586100000
6611850550
6174300000
6551350550
6156650550
6154050100
6231515000
6325450550
6811350550
6673650510
6154200000
6252915000
6442800000
6134650510
6211511005
6178250100
6192800000
6143450100
6522750550
6072850550
6054350550
6037650510
6072950550
6641115000
6025950510
6501800000
6773411001
6339100000
6244400000
6012900000
6019150550
6012800000
6546250550
6409450510
6801511005
6758050100
6782150100
6269350510
6219100000
6660850550
6620200000
6675250550
6756211005
6420715000
6392415000
6295600000
6258700000
6761550550
6555350550
6296150510
6696050550
6828150510
6758680880
6608150100
6748911001
6156700000
6748850550
6156811005
6157100000
6064600000
6280300000
6436800000
6494700000
6280115000
6206300000
6004011005
6280550510
6453550550
6463250550
6722350510
6337650550
6742500000
6331315000
6809650510
6013050550
6036250510
6019211005
6351850550
6610650510
6738750550
6036100000
6650800000
6333800000
6422215000
6140800000
6263250550
6347111005
6169900000
6357000000
6548050510
6026800000
6779300000
6779550100
6766411005
6760900000
6169150550
6025500000
6851200000
6132650510
6712811005
6096911001
6636211005
6152550550
6132500000
6098800000
6177250550
6037300000
6384700000
6402150100
6468350550
6012300000
6512050550
6471650510
6404450550
6615500000
6417450550
6284250100
6116450550
6193615000
6755550100
6166700000
6618250550
6688111001
6190011005
6241950510
6186200000
6175015000
6707050100
6071015000
6204115000
6175111001
6204350550
6228400000
6151450100
6129750100
6130011001
6694315000
6005350550
6087050100
6005750510
6111750510
6765711005
6108800000
6126650100
6154650550
6287811005
6242315000
6242450510
6019000000
6354215000
6044215000
6029400000
6259650550
6803850100
6375011005
6582715000
6259750510
6590150510
6096450100
6127211001
6205850510
6005450550
6535400000
6529911005
6753111005
6096600000
6352900000
6528450510
6353350550
6592411001
6171500000
6147711005
6272011005
6171600000
6338750100
6171700000
6313500000
6217550550
6042450550
6143350510
6804900000
6369515000
6448300000
6499915000
6787650550
6508900000
6280950550
6313711005
6206611005
6436900000
6545850510
6546000000
6416450550
6803911001
6611500000
6206900000
6353650550
6157000000
6661600000
6769411005
6733011005
6501250550
6336111005
6726250510
6685300000
6045000000
6080350510
6066200000
6044750550
6501590000
6189700000
6714450100
6550015000
6556900000
6337700000
6020200000
6473150550
6134500000
6006215000
6020350100
6516250100
6006311005
6412300000
6526111005
6046000000
6605700000
6412900000
6605411005
6428115000
6304100000
6283650550
6693950100
6573815000
6792150100
6792050550
6050600000
6096550510
6268500000
6651015000
6559550510
6387511005
6698150550
6339450550
6260900000
6655500000
6492400000
6010900000
6010850510
6833515000
6430150550
6481315000
6017750550
6598200000
6598450550
6082700000
6049250100
6125715000
6508250100
6789900000
6713850100
6671850550
6713600000
6537700000
6218250550
6180300000
6533800000
6193311005
6449250100
6169000000
6448050100
6820300000
6256350100
6780200000
6192200000
6193200000
6522450550
6719580100
6589550100
6652250100
6554750510
6623215000
6086300000
6390415000
6020150550
6635100000
6546118000
6571511005
6571450550
6181400000
6750150510
6148000000
6120100000
6643011005
6643250550
6580400000
6580311005
6718915000
6369450510
6297911005
6044615000
6721215000
6248500000
6440500000
6388100000
6404300000
6440000000
6815311005
6823711005
6563600000
6223411005
6172150510
6502415000
6183250550
6339311005
6733350510
6583650510
6031550550
6655311005
6032050550
6557150550
6627411001
6535650550
6602800000
6112150550
6305350100
6031950550
6224311005
6031600000
6166650510
6683850510
6587715000
6583950550
6557400000
6584150100
6604250100
6481950550
6201850510
6727650100
6082200000
6535000000
6694650510
6682211001
6798150510
6593600000
6150300000
6126250100
6126350100
6066411005
6066311005
6781800000
6105011005
6105211005
6650350100
6650211001
6535500000
6590550510
6424350550
6535250510
6535350550
6424450510
6701950100
6535150550
6805550550
6817250100
6607350550
6568311001
6482011001
6727550100
6630900000
6706811005
6302711005
6348415000
6204400000
6204250550
6249150100
6672611005
6278811005
6145815000
6017000000
6009300000
6625015000
6010050550
6145550510
6000100000
6004450510
6004250510
6004550100
6004350510
6587950550
6578750510
6336300000
6832550100
6126150510
6269800000
6462650550
6501000000
6839500000
6662950100
6503450550
6533900000
6651800000
6623650510
6801300000
6300250510
6481000000
6598950100
6323300000
6301111005
6836150100
6413350100
6631215000
6539250550
6506350100
6466250510
6413450550
6631100000
6394000000
6341815000
6236915000
6412650100
6584550510
6455015000
6322111005
6747200000
6703350510
6605950550
6067950100
6081000000
6246500000
6400550100
6533600000
6566000000
6747450510
6763000000
6762950550
6397400000
6775150550
6782950100
6561215000
6791511005
6504850510
6628900000
6441215000
6441450510
6627800000
6603150550
6662250550
6700950510
6583400000
6691600000
6654815000
6700850100
6163400000
6348200000
6348150550
6277750550
6493911005
6723500000
6248650550
6467211005
6467350550
6162750550
6539550550
6607415000
6665250550
6047900000
6424200000
6562700000
6654950510
6479700000
6701550510
6562815000
6733611001
6260100000
6235900000
6556600000
6679850100
6336900000
6696850550
6479900000
6479850550
6701415000
6662500000
6438700000
6573350100
6548550510
6495550550
6768800000
6623911005
6843811001
6164615000
6421750100
6060800000
6447350550
6008250550
6461550100
6041750510
6421500000
6476450550
6446900000
6012400000
6218050550
6622600000
6665650550
6723150550
6751950550
6586650550
6403600000
6357650100
6357400000
6357550510
6438450550
6439050550
6471400000
6670350550
6752050550
6548450510
6548350510
6270050100
6604550100
6537050550
6454911005
6604650510
6395100000
6579550550
6532700000
6532615000
6756811001
6521300000
6721150510
6844011005
6726300000
6357800000
6486050550
6005500000
6106111001
6463815000
6457950550
6615050550
6529711005
6671150550
6615350550
6208600000
6798950550
6573911001
6018400000
6018200000
6178800000
6254900000
6779611001
6804711005
6732150100
6495000000
6545050550
6611350550
6485050100
6336400000
6745850550
6270850100
6336850100
6270600000
6583011005
6699811005
6462850550
6677450510
6624300000
6609450550
6384200000
6763750100
6123850510
6126450100
6186715000
6384350550
6484011005
6043250550
6142050100
6039000000
6227800000
6227900000
6324550510
6348715000
6348811005
6585350100
6302850100
6311200000
6706915000
6348511005
6623400000
6623715000
6757200000
6156900000
6157200000
6728011001
6175850550
6264311005
6150650550
6164450510
6402350550
6360411001
6514450550
6750311001
6472450100
6040300000
6760850550
6288450550
6420215000
6645300000
6775750550
6134300000
6270700000
6201250100
6138600000
6642115000
6683350510
6672150510
6080400000
6092350100
6080550550
6306515000
6520611001
6255000000
6749811005
6384000000
6564650100
6604750510
6341200000
6385750510
6050550510
6784850100
6610811005
6602650550
6400211005
6627311005
6700350550
6491050550
6424650100
6594500000
6512450510
6418115000
6682850550
6486611001
6523550100
6462250100
6278900000
6150215000
6401950550
6527950550
6466000000
6629150100
6224715000
6161400000
6225011005
6161350550
6817550510
6161500000
6225211005
6702750510
6225115000
6680400000
6629000000
6817615000
6769700000
6494450550
6434550550
6693350510
6046350100
6237050550
6107000000
6199650550
6341950550
6782850550
6380050510
6302000000
6569150510
6632550510
6608350550
6686250100
6302250100
6829900000
6138700000
6685850550
6481150510
6505050510
6830350510
6322250100
6184300000
6300050510
6702350510
6337311005
6337450550
6462900000
6031700000
6078515000
6115915000
6142315000
6043611005
6352550510
6224150550
6663350550
6503550100
6557611005
6074111001
6576850100
6651950510
6623550510
6719450550
6589350100
6175700000
6279750550
6239350550
6348600000
6549411001
6384150510
6508311001
6576250550
6434350550
6456615000
6542850100
6527350510
6524300000
6500815000
6829600000
6274400000
6224450510
6105600000
6118550550
6501750100
6515050510
6515100000
6012500000
6044500000
6066150550
6066500000
6031850550
6092400000
6444700000
6742650100
6742415000
6101450100
6452700000
6452911005
6583100000
6844900000
6452615000
6818211001
6165600000
6111011005
6808511005
6132750550
6054450550
6529800000
6582950100
6452100000
6452350550
6101300000
6491350550
6604150100
6701711005
6480500000
6094000000
6504150550
6172850510
6125300000
6149700000
6482500000
6456550880
6608250510
6163250100
6688050550
6210850550
6698250550
6822215000
6831150550
6183600000
6401011005
6537315000
6198850550
6406011005
6459311005
6166400000
6153811001
6172550550
6121350510
6199250550
6121215000
6411400000
6413000000
6248250550
6200911001
6162015000
6344650100
6567050550
6275811005
6162111001
6273111005
6309211005
6261250510
6236411005
6426615000
6482600000
6347650880
6054100000
6037715000
6054750100
6824850550
6824700000
6816350550
6026215000
6054500000
6085300000
6468200000
6508415000
6434100000
6632300000
6782650100
6762300000
6773615000
6656650550
6526811005
6776800000
6607150550
6323650100
6568100000
6763815000
6106911001
6412700000
6788900000
6236800000
6106850550
6031400000
6199450550
6341615000
6322050100
6703200000
6500900000
6524211005
6653511005
6475950100
6488111005
6646811005
6488050550
6647815000
6476100000
6689150100
6684215000
6548611005
6204500000
6228550100
6298600000
6516150550
6643911001
6618411001
6515850550
6391500000
6557200000
6627650100
6681750550
6681600000
6562911005
6696511005
6382500000
6382650100
6631600000
6574050510
6486150550
6682300000
6640650550
6726950550
6626100000
6115000000
6851915000
6319150550
6269450550
6393550550
6445750810
6049300000
6204715000
6003100000
6365800000
6408250550
6393211005
6682500000
6741011005
6124500000
6226600000
6466811001
6082515000
6736611005
6836000000
6238011005
6124450550
6439950550
6326650550
6615115000
6642615000
6326700000
6357915000
6283700000
6387815000
6086450100
6261350550
6087100000
6315750510
6261611005
6427315000
6503911005
6680011005
6702250510
6005050510
6388650550
6026615000
6388300000
6671515000
6219800000
6258350510
6295315000
6318750550
6116650550
6686900000
6624815000
6123700000
6323011005
6123650100
6200850510
6704411005
6107450100
6304200000
6403800000
6403750550
6495450100
6034950550
6141200000
6180100000
6470350550
6096850100
6609600000
6800250550
6415050550
6646915000
6349915000
6647700000
6775611005
6322950510
6262450510
6033150100
6102900000
6659800000
6605350550
6380550550
6157300000
6103500000
6757450550
6663911001
6428050550
6112400000
6112511008
6595550100
6134811005
6134715000
6595450550
6172700000
6252800000
6253050550
6531050550
6363550510
6013700000
6575750510
6285350550
6166011005
6210050550
6513611005
6210150510
6713550100
6741400000
6513700000
6118450550
6602115000
6105750100
6147250510
6606615000
6047200000
6237650550
6736211001
6033050510
6300115000
6342415000
6656200000
6162250100
6557815000
6006150550
6013900000
6183900000
6628411005
6491750510
6829100000
6663000000
6104650550
6769350550
6181350510
6380350550
6205900000
6050211005
6528511001
6272650100
6705480100
6268111005
6396515000
6378711005
6655050550
6299250550
6218100000
6656500000
6723315000
6256111001
6233500000
6019800000
6362011005
6515250550
6790950100
6745250550
6597150510
6478050510
6849750550
6222900000
6454050100
6453900000
6525350100
6376815000
6598750510
6534550550
6411150100
6599500000
6704811005
6294150550
6294311005
6554550100
6294450510
6294511005
6597350510
6523411001
6335100000
6478500000
6634500000
6708150100
6276215000
6693615000
6707715000
6634115000
6784150510
6234700000
6193811001
6234815000
6234600000
6144100000
6047315000
6292515000
6023200000
6324211001
6482250880
6743550550
6743600000
6023100000
6826711001
6631800000
6345850550
6324350510
6023050100
6107800000
6107950100
6346115000
6423850100
6272400000
6727800000
6807450550
6736750550
6175200000
6509100000
6697050550
6794711001
6701811005
6662850100
6564850100
6103000000
6233350510
6396150810
6536150100
6095100000
6094950550
6561700000
6561800000
6450415000
6759050100
6450500000
6500611001
6524115000
6479000000
6561650510
6753550510
6360150510
6312800000
6205600000
6279550550
6279911005
6239211005
6542300000
6542215000
6784050100
6764300000
6434250510
6069900000
6564750550
6341500000
6604915000
6668315000
6709550550
6846050550
6737850510
6771750100
6837050100
6104500000
6641350550
6440690000
6418250550
6193715000
6372500000
6167011005
6212900000
6595850510
6167100000
6212850550
6595700000
6136100000
6253400000
6543950100
6457011005
6415200000
6264450510
6279611005
6350411005
6705211001
6455850100
6631750100
6539950550
6201650550
6431311001
6539450510
6248411001
6692650550
6431211005
6842950510
6792700000
6249750550
6312450100
6456815000
6324811005
6494250510
6338400000
6271711005
6338250100
6700711001
6377750550
6338311005
6759350510
6296850550
6423750100
6699750510
6493050550
6568250510
6431411005
6583800000
6627950100
6603750510
6799250100
6460000000
6824400000
6481800000
6082050510
6070250550
6070100000
6299000000
6308700000
6320000000
6675511001
6675415000
6675750100
6688900000
6173600000
6173815000
6806111001
6221000000
6296711005
6451650550
6398415000
6245100000
6374550550
6839700000
6769511001
6581400000
6081811005
6011211005
6123311001
6481650550
6248300000
6496011005
6754250510
6260200000
6118615000
6171100000
6104700000
6201050550
6173700000
6331200000
6578950550
6698811005
6331450510
6389850550
6514011005
6472550550
6530750510
6103311005
6062450510
6062315000
6737750550
6542750510
6633650550
6666815000
6609350510
6095200000
6693500000
6634250510
6370450550
6477550550
6689950510
6408350550
6594211001
6818450510
6532900000
6421415000
6291800000
6622150100
6743111005
6649500000
6488715000
6521415000
6237300000
6343550550
6370200000
6041400000
6060250550
6060350550
6621900000
6800800000
6790750550
6031100000
6379950510
6726100000
6582615000
6318900000
6296050100
6373250550
6208700000
6284050510
6574615000
6818550510
6796850550
6186300000
6508511005
6707550550
6592211001
6686600000
6408400000
6267700000
6370100000
6775250510
6689711005
6711700000
6711915000
6740618000
6712415000
6712350100
6787050550
6684750100
6439100000
6711850510
6639611005
6712250510
6439200000
6752250510
6149111001
6148950510
6339500000
6539150510
6567911005
6577250550
6673250550
6591200000
6748250550
6567850100
6096100000
6358000000
6752850510
6682450100
6492900000
6202015000
6162300000
6636111005
6237700000
6836950100
6748350510
6539011005
6692750550
6262500000
6413550510
6665050100
6095450550
6283800000
6784700000
6543111005
6483800000
6115500000
6169450510
6574150550
6723950550
6458050550
6671200000
6574211001
6124200000
6229811005
6798250550
6590611005
6563500000
6484650100
6570911001
6353015000
6709850100
6417000000
6511850550
6711450510
6438850510
6438550510
6417150510
6834400000
6438950510
6417200000
6637800000
6264715000
6023400000
6048111005
6033950550
6180850550
6115850550
6103600000
6257050100
6095500000
6125050100
6162811005
6202400000
6202500000
6048000000
6149450510
6070300000
6149500000
6023311005
6185650550
6681250100
6506850550
6346750510
6346850100
6313200000
6280050550
6692400000
6276350550
6050400000
6403950510
6711300000
6408600000
6139650550
6139415000
6285800000
6261400000
6262800000
6680150550
6565750550
6215950550
6255400000
6765215000
6536550550
6378900000
6491411001
6536911005
6502900000
6719150100
6810611005
6810550100
6830411005
6106515000
6120650100
6198600000
6633700000
6633850550
6355500000
6547150510
6325650100
6346400000
6540200000
6346350550
6431750550
6346050510
6105400000
6336650100
6711180550
6155350510
6498411005
6267550100
6584700000
6262915000
6371800000
6500050100
6478250550
6397650510
6276650100
6467450550
6432250550
6383400000
6614350550
6740811001
6752315000
6752650550
6658350100
6752450550
6563200000
6563300000
6563150100
6563450550
6668850510
6571350550
6611611001
6353950510
6081950510
6441350550
6731400000
6441511005
6844650510
6581500000
6182200000
6391300000
6375115000
6788350550
6443250550
6846150510
6247200000
6183100000
6051600000
6485550100
6051511005
6202250510
6323450550
6172200000
6124000000
6607250550
6124150100
6705050510
6776150100
6664911005
6301211005
6276411005
6577150550
6714711005
6715200000
6237800000
6201950550
6201750550
6149050510
6117150510
6079450100
6726000000
6410015000
6065600000
6684800000
6601850550
6601900000
6768300000
6772211005
6589200000
6651200000
6554350550
6719200000
6051200000
6622300000
6622000000
6757500000
6448850510
6793500000
6780450100
6843400000
6772350510
6820450100
6836700000
6574450550
6304300000
6615650100
6404100000
6203950550
6203750100
6609100000
6238950510
6310200000
6506450100
6764011005
6705300000
6770250510
6174850550
6203850100
6633550510
6433915000
6256200000
6727950550
6108400000
6739515000
6206750510
6229100000
6637015000
6371900000
6372111001
6750700000
6687200000
6315350550
6713900000
6418500000
6189300000
6495900000
6549500000
6587200000
6166250550
6206150550
6528350510
6548750550
6326800000
6815411005
6548850100
6082300000
6656350510
6848350550
6607515000
6568750550
6574550550
6486350100
6594011005
6640850550
6594100000
6671300000
6265500000
6238750550
6125950510
6494011001
6125800000
6186111005
6558415000
6126000000
6569700000
6203600000
6174000000
6607615000
6591400000
6631550510
6324050100
6568400000
6568500000
6591500000
6568600000
6509250550
6485250510
6592515000
6484950100
6164500000
6111100000
6099011001
6111250100
6165815000
6132980100
6741250100
6085450100
6575315000
6085515000
6594411005
6562350100
6626700000
6626800000
6721811005
6721700000
6562150100
6626600000
6583300000
6562450510
6721900000
6721500000
6239650550
6239500000
6470215000
6280600000
6485100000
6484750100
6797400000
6668650510
6611000000
6484815000
6140400000
6447415000
6408811005
6244000000
6369250510
6848200000
6640150550
6622511005
6589000000
6552800000
6689515000
6601750100
6676350510
6589100000
6823450510
6836211005
6339700000
6464115000
6563900000
6339915000
6426215000
6502550510
6257111005
6180750550
6218450550
6614700000
6658450550
6640311001
6216300000
6216250550
6076950550
6317700000
6579000000
6520700000
6551950550
6668400000
6697850100
6750550510
6764550550
6317900000
6716100000
6645650510
6509850510
6739711005
6509600000
6611400000
6545411005
6509715000
6509415000
6545700000
6111600000
6514950550
6361950100
6441950100
6361515000
6605250100
6342550550
6455211001
6753050550
6615915000
6146050550
6042900000
6738250100
6708050550
6750011001
6284350510
6403200000
6176111005
6240000000
6008600000
6354300000
6354450550
6386350550
6750850550
6834750550
6386211005
6729650510
6537600000
6565690000
6663550510
6663611005
6605050510
6628850550
6746600000
6655211005
6770100000
6652750550
6624250550
6769050100
6478450550
6801411005
6768911001
6757750550
6719780880
6042700000
6471100000
6669750100
6511315000
6511550550
6751311001
6785600000
6694515000
6547750510
6638911005
6819100000
6512250100
6512311005
6284400000
6021715000
6240150550
6281250550
6313850550
6313911005
6510300000
6752550550
6712011001
6382750580
6382850100
6382915000
6540150550
6055650550
6241150510
6286150100
6073711005
6627150100
6352311005
6352100000
6667600000
6352250510
6352000000
6533300000
6533400000
6533500000
6028250510
6078011005
6169200000
6318250550
6396650550
6293311005
6831411001
6687100000
6570511005
6274600000
6635550100
6038900000
6073800000
6543600000
6687050510
6585450550
6543500000
6323750550
6323850550
6807150550
6544011005
6610550550
6634900000
6323950550
6027150510
6038815000
6515450100
6741715000
6487300000
6143900000
6212711005
6287350510
6178750100
6732750550
6143750850
6422650100
6460811001
6498150510
6518311005
6409300000
6581350550
6489500000
6007000000
6058250550
6287250100
6113215000
6135750510
6644715000
6267250100
6550450100
6531315000
6531450100
6391400000
6033350550
6497550100
6287600000
6517500000
6517450550
6364000000
6517600000
6288150550
6523250550
6803311001
6422550550
6523150550
6523350100
6260800000
6819550550
6394450550
6408500000
6394515000
6521000000
6648950100
6520850550
6367900000
6751700000
6699150550
6767650100
6833715000
6670750510
6614411001
6464200000
6662450510
6502615000
6464300000
6583715000
6813150100
6733500000
6307800000
6720700000
6189450550
6166150510
6133415000
6312500000
6494650550
6350550550
6350300000
6435450550
6728450550
6543750550
6415150510
6312950550
6610350550
6558850100
6038600000
6389950510
6360850550
6073600000
6185100000
6201350550
6185250550
6086750510
6005600000
6286300000
6778900000
6020000000
6642700000
6442000000
6441850550
6441615000
6771450550
6754315000
6441700000
6086000000
6111900000
6643350550
6779000000
6642850550
6831711005
6754150510
6086600000
6086950100
6039100000
6610050100
6544400000
6544300000
6469100000
6325700000
6281850550
6386915000
6386815000
6441150550
6405750550
6418600000
6282000000
6638011005
6378400000
6338850550
6563011005
6339050550
6502050510
6378350510
6691711001
6338950550
6464011005
6463950100
6378250100
6789550550
6168811001
6102200000
6191800000
6768015000
6232800000
6215800000
6139550550
6179800000
6450850550
6500700000
6291250510
6267950550
6155915000
6850611005
6212611005
6075300000
6212550550
6113150100
6715450550
6178611005
6715550510
6190350550
6618750550
6178550550
6075211005
6088450510
6287150550
6624500000
6652500000
6833250510
6624450550
6624611005
6089200000
6475011005
6811915000
6792980100
6644950550
6329250550
6498050100
6487700000
6460300000
6244900000
6611100000
6610950510
6528650510
6782500000
6844200000
6259000000
6719850550
6196200000
6196300000
6196100000
6652900000
6805111005
6182300000
6398950510
6410350550
6843211005
6231950550
6179000000
6136915000
6213450550
6794450510
6183450510
6068000000
6017400000
6426450550
6120315000
6340450510
6067450550
6080250100
6147015000
6732811001
6589650100
6660950100
6757950510
6757800000
6769211001
6479100000
6851700000
6244700000
6806211005
6833850510
6795650550
6689450510
6332950510
6292400000
6217650100
6812450550
6480350550
6045911005
6045811005
6536450510
6068150550
6233200000
6242711005
6289111005
6289215000
6075700000
6201400000
6226311001
6667411005
6413100000
6514800000
6635050550
6514750550
6645815000
6740315000
6243011005
6567500000
6775950550
6567300000
6681050510
6798800000
6223500000
6378611001
6228800000
6342650510
6274750550
6042300000
6033600000
6401800000
6609200000
6814650550
6653250550
6653150510
6653050550
6597650510
6841550550
6079000000
6806750550
6506650510
6506511001
6288015000
6619100000
6674350100
6421900000
6718711005
6843150550
6001800000
6010611005
6001900000
6017950100
6001600000
6492650550
6002000000
6392700000
6160300000
6654650550
6574900000
6760615000
6826950550
6574700000
6574850100
6838750510
6353100000
6823250550
6763200000
6050750550
6416000000
6096715000
6353450550
6416150550
6647611001
6689050510
6059800000
6138850100
6059711001
6321650550
6124600000
6590400000
6597800000
6781450550
6625800000
6759600000
6625600000
6654050510
6598100000
6625700000
6834311005
6700050550
6597900000
6729811001
6386650550
6669211005
6355250550
6355000000
6325850100
6697950550
6355150510
6669150550
6139150550
6366800000
6366950100
6393850550
6648415000
6367818000
6393700000
6367050550
6717050100
6771950550
6214600000
6214700000
6214500000
6214400000
6286250510
6685011005
6685100000
6478150550
6652450510
6652300000
6685250550
6690311005
6787900000
6577850510
6632100000
6681315000
6346950550
6632200000
6276750100
6692915000
6705750510
6386550550
6355300000
6355650510
6272800000
6030550510
6120200000
6030250100
6030600000
6801000000
6787100000
6506050100
6804250550
6599250510
6796250510
6727315000
6028050510
6580950100
6017500000
6017600000
6464650100
6045711005
6799350100
6106400000
6106300000
6247411005
6340100000
6030400000
6320750100
6183350550
6293650550
6289300000
6075911005
6136511001
6154900000
6329700000
6364850550
6317300000
6392050100
6231815000
6289450550
6317215000
6329850550
6394200000
6368250550
6289800000
6674450550
6104950510
6307950100
6335850510
6374150100
6842011005
6423550510
6582500000
6398300000
6398250100
6024250510
6846850550
6336000000
6451450550
6319250100
6451300000
6280850510
6586050100
6437050550
6353850550
6571650550
6071600000
6729000000
6635800000
6570800000
6729100000
6570700000
6720300000
6744750550
6834950550
6720250510
6744650510
6788250550
6720450550
6720511001
6820850550
6845250550
6725800000
6393300000
6407915000
6421111001
6476250510
6520511005
6621311005
6461150100
6408000000
6000500000
6550515000
6741900000
6317800000
6393911001
6461315000
6040250550
6100550550
6121900000
6255200000
6601000000
6443311005
6771850550
6800400000
6786800000
6403550100
6593150550
6356150550
6593015000
6355900000
6613350510
6437900000
6314100000
6355750550
6687411005
6613250100
6710950550
6437750510
6592900000
6638315000
6710611005
6355850100
6387350550
6777611005
6314200000
6471015000
6557915000
6722615000
6538200000
6287050550
6644350550
6267115000
6022800000
6640715000
6600650100
6640950550
6730750510
6420050550
6517815000
6497700000
6497650100
6172600000
6787500000
6852911001
6793150100
6660311005
6086800000
6362111005
6754650100
6362200000
6033400000
6466350550
6055500000
6362450550
6390611005
6362500000
6362350100
6251450550
6133511005
6241250550
6266000000
6153600000
6265950550
6360950550
6640000000
6808611005
6640211001
6030300000
6790450550
6464500000
6465850510
6465700000
6465911005
6466150100
6014600000
6571150550
6818650550
6050300000
6353550550
6559800000
6267050550
6253211005
6363815000
6470000000
6709611005
6171080880
6160700000
6207000000
6207150510
6099300000
6279050550
6592000000
6693150510
6697650550
6263950510
6568050550
6345500000
6846650550
6846711001
6692500000
6158215000
6103750550
6062911001
6693450510
6667011005
6738000000
6304600000
6738100000
6287900000
6288250550
6316900000
6707300000
6368000000
6488500000
6621600000
6488400000
6215050550
6596500000
6368150100
6588750100
6076750550
6191700000
6596315000
6751600000
6446011005
6596400000
6687750510
6742711001
6687850550
6830111005
6751500000
6139200000
6648850510
6267850510
6191600000
6090800000
6170450550
6259111001
6501150510
6825650100
6044100000
6409950550
6667150550
6385000000
6269100000
6651490000
6690250550
6581150510
6832350510
6561550550
6244300000
6743750510
6676650550
6421000000
6020950100
6076550100
6366411001
6015015000
6254800000
6076300000
6774900000
6746500000
6782750510
6746411005
6774800000
6734450550
6770000000
6746300000
6822800000
6286050550
6315550510
6090200000
6579150550
6601550550
6168750100
6210400000
6304900000
6210550100
6189550550
6014900000
6021050100
6692800000
6748411005
6697200000
6748511005
6783311005
6648000000
6367615000
6560715000
6560650550
6664100000
6840200000
6533200000
6462011005
6306900000
6291311005
6446650550
6521211005
6408711005
6191911005
6091500000
6017350510
6022015000
6079950550
6066000000
6238200000
6185700000
6248750510
6824550550
6347000000
6139000000
6191500000
6753750510
6441050510
6487150510
6458900000
6459015000
6753650550
6360750100
6111300000
6038750510
6315450550
6360615000
6576550510
6361050510
6133650550
6360500000
6040150550
6056800000
6810311005
6793311001
6793211005
6689611005
6074550100
6134911005
6242150550
6826450510
6160850100
6414150100
6401480880
6493400000
6414011001
6432050550
6432150100
6383200000
6383300000
6816400000
6607850510
6063600000
6468950550
6634300000
6109100000
6039900000
6089350550
6332000000
6331950510
6191450550
6138450550
6759250550
6733115000
6086100000
6754511005
6086200000
6361650550
6798450550
6086550510
6659300000
6578515000
6674950550
6724700000
6742300000
6474900000
6827600000
6088800000
6619215000
6063700000
6256915000
6370800000
6772150550
6257215000
6027300000
6409750510
6295811005
6373015000
6828350510
6409850100
6397800000
6710811005
6423211005
6295900000
6634615000
6849450100
6634815000
6019900000
6473000000
6315650510
6361700000
6824100000
6111800000
6290250100
6620550510
6620415000
6621200000
6232550100
6232615000
6421200000
6217700000
6797150100
6461950510
6807850510
6233415000
6217950550
6553250550
6369311001
6140600000
6005200000
6133200000
6405400000
6209311005
6643100000
6114900000
6521150550
6755200000
6644400000
6673750550
6205150550
6396000000
6802550550
6718650100
6812515000
6824050510
6395900000
6057000000
6057150550
6695250100
6588250550
6097450510
6232400000
6407150510
6168300000
6825000000
6290450510
6612311001
6416611001
6684300000
6393190000
6332111001
6461011001
6366515000
6675611001
6196700000
6260311001
6246200000
6525611005
6463550550
6196900000
6196850100
6271011005
6454211005
6602750550
6260411005
6171200000
6463411005
6700100000
6415700000
6635950100
6056650100
6114711005
6168215000
6059150550
6059400000
6027650550
6080000000
6308050550
6690815000
6399300000
6399400000
6524650550
6490100000
6079800000
6065850550
6405111001
6359850550
6133350550
6549150550
6471900000
6512911001
6486700000
6512711001
6388550550
6671650550
6091400000
6117815000
6356800000
6131150100
6711500000
6573450510
6798300000
6275200000
6274900000
6309850510
6275000000
6401100000
6429350510
6429200000
6309900000
6803550510
6811511001
6852250550
6811411005
6830600000
6843600000
6589400000
6554600000
6652050550
6732650100
6699415000
6695750510
6677050550
6695850580
6677200000
6768511005
6837900000
6719650100
6787815000
6525500000
6534750510
6782000000
6761800000
6376950510
6447500000
6812100000
6579950550
6838400000
6825700000
6447611005
6089650550
6076400000
6155711005
6138350100
6041200000
6243650510
6640450100
6059250550
6168100000
6290300000
6407511005
6475311005
6475711001
6546300000
6528850550
6470711005
6470600000
6717300000
6021300000
6579250100
6290900000
6297711005
6463000000
6105150550
6654215000
6463100000
6233600000
6736850510
6749050510
6736950550
6786900000
6648550510
6767511001
6767250100
6361400000
6361815000
6472950550
6407300000
6475215000
6445050510
6445250100
6520015000
6805250550
6839100000
6597750510
6677811001
6759415000
6811611001
6847400000
6590000000
6501450510
6026000000
6177650550
6458500000
6025850550
6054650550
6054250550
6844150550
6165715000
6809450550
6026450510
6026311005
6642950510
6026100000
6021400000
6076600000
6036500000
6052450550
6130411001
6326100000
6240550550
6356650550
6356250550
6052350550
6356550510
6130750510
6356750550
6230550550
6511611005
6091300000
6375450550
6534250550
6399111005
6399050100
6396315000
6656711005
6396411005
6737050510
6697300000
6796450550
6090100000
6730211005
6466500000
6544215000
6686750550
6543850100
6558711005
6585500000
6527850100
6544111005
6195250550
6411011005
6235511001
6195750550
6195615000
6056750100
6500111001
6780750100
6109900000
6669500000
6006450550
6006650510
6231411005
6231350510
6006500000
6546900000
6416900000
6416700000
6109800000
6516050550
6241611005
6099850550
6112250510
6712550100
6765411005
6730500000
6538700000
6630150550
6599300000
6664450510
6196600000
6602250100
6391050550
6779150550
6112050510
6074350100
6166500000
6839400000
6510100000
6637111005
6722900000
6841311005
6736100000
6808150550
6618950100
6645200000
6305750550
6018000000
6505250100
6032711001
6094411001
6094311005
6032300000
6018111005
6017815000
6505650550
6481200000
6022400000
6492500000
6022515000
6032415000
6730350510
6213650510
6619411005
6392100000
6130300000
6176580550
6471250510
6176350550
6559450550
6387450100
6314350510
6593700000
6007750550
6510800000
6710550550
6129115000
6437515000
6051350100
6388950550
6359550550
6240800000
6359050550
6388815000
6530150550
6358850550
6221400000
6194850550
6221750550
6375850550
6453150510
6221815000
6221911005
6297350550
6522250100
6784911001
6772500000
6743950550
6772400000
6560100000
6560350100
6213550510
6560250550
6365150550
6619350100
6190700000
6289600000
6751800000
6740211001
6190800000
6330150550
6711200000
6335600000
6653450550
6373350100
6296250550
6555211005
6449950100
6449850550
6677750550
6372850510
6189050550
6189250100
6209750550
6209600000
6251350550
6328150550
6809011005
6595115000
6101800000
6392950510
6179650100
6621050550
6476350510
6621450550
6621150100
6659400000
6014800000
6445850550
6100700000
6213350510
6190615000
6179150550
6687300000
6592850550
6011300000
6344750550
6275915000
6047150550
6546400000
6612750550
6546850550
6123200000
6285100000
6616550550
6093700000
6455150100
6309650550
6199350510
6321950510
6679050550
6626500000
6679400000
6679215000
6679100000
6679300000
6194611005
6399600000
6117711005
6159900000
6065900000
6146515000
6146450550
6194715000
6090550100
6078400000
6104050810
6409100000
6257850510
6158650100
6318450550
6651650510
6334750550
6829700000
6192150550
6292350100
6461811005
6476750510
6233150510
6141600000
6218850550
6180900000
6218550550
6192400000
6722750510
6200750550
6839000000
6062800000
6293550550
6396800000
6787750100
6063100000
6293715000
6545100000
6141700000
6158300000
6318350100
6821800000
6477811005
6213100000
6154850550
6397050510
6585800000
6055050550
6153500000
6526900000
6665850550
6632750100
6569211005
6541350550
6815215000
6331800000
6101650550
6407750100
6365911005
6366300000
6785500000
6632800000
6796600000
6751150510
6740500000
6051415000
6129511001
6129311001
6129000000
6280200000
6571000000
6385650550
6221500000
6524550550
6726450510
6524715000
6221650550
6556250550
6556150550
6759711005
6699950550
6598011005
6524900000
6200215000
6431015000
6704318000
6727250550
6225950550
6826150100
6430800000
6430611005
6704250550
6449700000
6449550550
6445411001
6497400000
6253550550
6136011001
6136215000
6684150550
6135800000
6658950550
6036000000
6229515000
6530450510
6616850900
6527700000
6820050550
6634715000
6810950100
6811100000
6796050510
6693715000
6853815000
6756711005
6819911005
6610200000
6610400000
6852050550
6790850550
6837400000
6317600000
6189900000
6637650550
6319350510
6745100000
6453311005
6376215000
6410950550
6479450510
6806450510
6796150510
6814411005
6850050550
6672011005
6724211005
6735950550
6778611005
6514350510
6821515000
6059300000
6445550880
6254711005
6393000000
6681900000
6232300000
6445350550
6648650510
6367715000
6551700000
6282511005
6314411001
6052650550
6019300000
6250650510
6438350510
6190900000
6191050550
6804650550
6474500000
6390850550
6406315000
6520450550
6646550550
6113800000
6254011005
6368800000
6292250510
6596950100
6554050510
6566900000
6727411005
6643550550
6152900000
6802650510
6284950510
6230950510
6789250550
6728700000
6662050100
6365615000
6580200000
6364200000
6497815000
6809300000
6674100000
6673900000
6287750550
6644650100
6715750100
6644500000
6688200000
6674000000
6695950510
6555550550
6653350550
6799000000
6133900000
6361100000
6454150550
6562600000
6562500000
6376550550
6222815000
6496150550
6617950510
6496200000
6754400000
6618011001
6271450510
6848550550
6845000000
6454350550
6636500000
6668550510
6501300000
6588350510
6519800000
6722811005
6660050100
6736050550
6806811005
6579800000
6775811001
6827050100
6796350510
6475850510
6475450550
6254450510
6620850510
6732400000
6646311001
6520315000
6588500000
6620700000
6760711001
6805711001
6535700000
6557050550
6377550550
6377650550
6190150550
6487450100
6600200000
6657200000
6087500000
6577050100
6087850550
6587550550
6672850550
6561050550
6576900000
6039300000
6724415000
6039550510
6178100000
6087650550
6390950550
6530850100
6087715000
6643750550
6328050550
6151000000
6128850550
6292150510
6216950100
6418311005
6798611001
6486900000
6765050550
6549300000
6694400000
6740050550
6559600000
6812900000
6573700000
6307100000
6552315000
6579450550
6579315000
6476550550
6348050550
6729250100
6776350510
6310950100
6347950510
6569411005
6528250550
6470150510
6302450550
6493500000
6003700000
6428300000
6068850550
6680350550
6576400000
6667350550
6617115000
6728311005
6656850550
6838115000
6514500000
6810200000
6060500000
6368700000
6140100000
6216015000
6469500000
6083550550
6832600000
6635600000
6150811005
6484300000
6667750510
6071250100
6182000000
6786050100
6641611001
6789850550
6739300000
6818850100
6709950550
6739250510
6710050100
6839300000
6637700000
6066600000
6001050550
6080150550
6010450510
6010180810
6010280880
6821050510
6853490000
6399850100
6270100000
6678100000
6847300000
6691315000
6195411005
6678400000
6010515000
6678200000
6821211005
6010350550
6678300000
6066750550
6246111001
6678550550
6451815000
6479250100
6452015000
6562050550
6761650100
6462750100
6451750550
6374750550
6325350550
6808280100
6188350510
6130850550
6188200000
6670000000
6711050510
6694815000
6330300000
6330200000
6365000000
6330400000
6518750510
6084100000
6176450510
6052500000
6024850510
6130550550
6471315000
6827500000
6606750510
6606800000
6252550550
6316150550
6251950550
6163300000
6706315000
6163750510
6146600000
6525050510
6366150510
6243711001
6393650100
6803700000
6821150550
6302615000
6228050100
6163680880
6227750100
6319400000
6626350550
6490600000
6781600000
6095950510
6412450550
6427650510
6060400000
6849615000
6853750100
6274300000
6321500000
6332600000
6368550100
6717900000
6368450100
6588800000
6487015000
6549611005
6405650510
6617250100
6459150100
6576611001
6714050550
6549711005
6667250100
6138500000
6243450510
6331650550
6331500000
6363111005
6363011005
6473200000
6473550550
6516450550
6766050550
6587850510
6224800000
6416800000
6124300000
6188800000
6512511005
6209250100
6188900000
6209111001
6530000000
6359200000
6022900000
6301450550
6664650510
6606511005
6301300000
6735811005
6473450550
6419011001
6841800000
6473300000
6466600000
6539750510
6532300000
6461450100
6466400000
6664750550
6558050550
6103900000
6218911005
6293800000
6158500000
6181211005
6371550550
6818350550
6776615000
6834211005
6189800000
6765950550
6321450100
6309400000
6524800000
6776900000
6583250550
6784500000
6590315000
6452200000
6654100000
6469650550
6457150510
6600311001
6251211005
6813311001
6575400000
6405311005
6167600000
6645511005
6698050100
6167700000
6777815000
6137350510
6619500000
6577900000
6306150100
6289711005
6140200000
6061111001
6801111005
6168515000
6366050550
6101750550
6214350510
6232715000
6365700000
6589911005
6720911001
6059600000
6059500000
6164200000
6467811001
6164100000
6238815000
6238600000
6570000000
6508000000
6108600000
6827200000
6334350550
6271200000
6463650100
6337850550
6424850550
6089400000
6089500000
6114850550
6561950550
6410100000
6254650550
6445680880
6331750510
6366650510
6214250100
6243550510
6621550550
6476050510
6069100000
6629300000
6734915000
6702815000
6680515000
6703050550
6747111005
6629650510
6680811005
6762850550
6221111005
6245250510
6163800000
6034800000
6541950550
6433300000
6278000000
6483450580
6226580550
6226450550
6259350550
6410480880
6696450550
6582850550
6259515000
6056900000
6629400000
6456915000
6128400000
6229200000
6169850100
6257780810
6234450510
6142250510
6294200000
6440900000
6285050550
6209450550
6181100000
6371215000
6234200000
6257400000
6142515000
6099700000
6056400000
6783150550
6587300000
6373100000
6422800000
6197450510
6829350550
6679511001
6182750100
6298715000
6260611001
6726611005
6119015000
6246450100
6260550510
6450250550
6023650550
6351311001
6402550550
6770500000
6351418000
6071511005
6729550550
6612550510
6637550100
6185850550
6383550550
6162950510
6163050550
6226911005
6413950550
6305015000
6111550100
6133750550
6790200000
6305100000
6189600000
6847915000
6811250510
6255800000
6156350100
6499811001
6156400000
6255700000
6217050510
6168900000
6395415000
6447100000
6552450100
6268000000
6217415000
6102700000
6395350550
6083850550
6109600000
6351100000
6352400000
6351211005
6351000000
6165200000
6670215000
6110100000
6240450510
6670150100
6110450510
6555050550
6582050510
6422750550
6581815000
6788011005
6294950550
6467700000
6401700000
6608650580
6585000000
6483550510
6401600000
6456100000
6540615000
6808800000
6689211005
6251000000
6328411005
6316215000
6112300000
6169300000
6063000000
6043100000
6063350550
6224600000
6465100000
6703550100
6104100000
6158750550
6104200000
6158850550
6219050550
6257950550
6158450510
6580800000
6750450550
6351600000
6415811005
6043300000
6389200000
6153150510
6153350550
6209800000
6165915000
6265800000
6800950550
6809800000
6837111005
6816700000
6113600000
6531950550
6228200000
6693000000
6414350550
6686450550
6791611001
6318000000
6215550550
6394611001
6675950100
6825300000
6215400000
6717650510
6368350550
6847000000
6359900000
6209515000
6405215000
6091200000
6075800000
6289050510
6847211005
6351500000
6402650550
6829450100
6402811001
6402750100
6415600000
6490550100
6479500000
6490450100
6781750550
6117300000
6289550550
6167400000
6474450550
6306050100
6167550550
6542000000
6483300000
6807550100
6796750100
6591611005
6519700000
6475515000
6698915000
6365550550
6824900000
6756450100
6588150100
6444950510
6743400000
6328500000
6362800000
6362950550
6620900000
6646215000
6155115000
6125600000
6591700000
6666111005
6666050100
6263600000
6804500000
6737650510
6125515000
6789400000
6397700000
6555450550
6450050510
6450100000
6830550550
6755450550
6842450550
6716011001
6513800000
6738450510
6817815000
6518500000
6577611005
6474100000
6531700000
6163900000
6164050550
6174600000
6414400000
6633300000
6483200000
6513200000
6360050510
6405050550
6586900000
6770715000
6739400000
6723711005
6797500000
6770850550
6770615000
6492100000
6734611005
6746711005
6492211005
6762700000
6832000000
6676000000
6626200000
6609550550
6738311005
6749900000
6435250510
6147550550
6048800000
6302150550
6277500000
6608450100
6482750510
6584915000
6513900000
6814550550
6821750550
6546700000
6470911005
6470800000
6780150100
6580700000
6553915000
6580600000
6182550550
6700550550
6627715000
6250250550
6621850100
6042150100
6216700000
6102811005
6552611005
6552750550
6571900000
6571850550
6592750550
6767715000
6810150550
6338100000
6029800000
6400400000
6463700000
6029900000
6745900000
6340200000
6604050550
6628050100
6628150550
6733750510
6378511005
6320850550
6769850100
6839800000
6329300000
6329650550
6317050100
6715950550
6329400000
6306400000
6732250550
6532211005
6699011005
6461200000
6755650100
6271500000
6425000000
6400300000
6105900000
6700680880
6171300000
6197200000
6011550550
6275750100
6047011001
6850450550
6845300000
6758100000
6802815000
6844750100
6798550510
6585200000
6707150550
6666750550
6707200000
6205200000
6205000000
6840000000
6368950510
6840100000
6217250550
6782300000
6428500000
6300311005
6300450100
6068700000
6384900000
6527500000
6434911005
6435150510
6094100000
6069000000
6225400000
6225300000
6224915000
6069550550
6225500000
6300600000
6068950550
6093800000
6184650550
6664050510
6199911005
6342100000
6803215000
6122300000
6122150510
6133100000
6148615000
6107650550
6082100000
6605111005
6184400000
6237250100
6299950510
6122000000
6093900000
6380450100
6702650550
6758350100
6102615000
6067000000
6376450550
6066900000
6235700000
6066800000
6721311001
6678700000
6678800000
6245611005
6092050550
6678611001
6678900000
6570250510
6791750510
6508700000
6709250550
6600050510
6351950550
6143600000
6143800000
6172950100
6184511005
6261700000
6122411001
6237111005
6122200000
6233900000
6584650550
6664550510
6763311001
6547600000
6547500000
6097700000
6051900000
6129900000
6739950100
6097650550
6248950550
6324450550
6608900000
6159800000
6085800000
6786150510
6617500000
6472815000
6786650550
6549211001
6417900000
6594315000
6512100000
6778300000
6806015000
6029650510
6029715000
6760050550
6045115000
6281650550
6495115000
6176250550
6485450100
6129650510
6572000000
6355450100
6264800000
6464900000
6426800000
6273700000
6472000000
6472150550
6458850550
6594750550
6458700000
6358600000
6458600000
6229450550
6051711005
6495250550
6083950100
6784650550
6839900000
6403311005
6129200000
6129400000
6437600000
6188015000
6669011005
6760100000
6613050550
6354911001
6694215000
6297400000
6410850550
6452411005
6536300000
6426350510
6480211005
6464400000
6819350510
6819400000
6691800000
6804100000
6325511001
6281411001
6844500000
6844400000
6586500000
6639000000
6851150550
6639450550
6789750550
6274250510
6818000000
6818100000
6848115000
6836600000
6774700000
6834050550
6234100000
6654750550
6337950550
6051800000
6129800000
6848850510
6609000000
6785011005
6686511005
6738900000
6608718000
6802711005
6633400000
6608811001
6807915000
6812700000
6834600000
6433100000
6433200000
6702150100
6503611005
6038200000
6639100000
6639550510
6639200000
6760300000
6600550510
6614200000
6023700000
6228150550
6277900000
6348350100
6277850100
6433050100
6311150550
6125411005
6108350510
6479300000
6625550510
6534300000
6346650510
6686011005
6346511001
6142650550
6522000000
6188150550
6207350550
6084000000
6457615000
6373400000
6164950510
6547200000
6240350510
6613415000
6729900000
6511750550
6280450100
6325215000
6494950550
6281911005
6751050100
6281511001
6403415000
6229015000
6187450100
6351750100
6436315000
6105300000
6222111001
6235615000
6195111005
6245700000
6274050550
6503011005
6029100000
6738650550
6554850550
6016600000
6016750100
6582150100
6513050550
6004600000
6388450550
6549050510
6359350550
6440711005
6658200000
6670480550
6529450550
6752180880
6529550510
6639350550
6765150100
6548150510
6849800000
6495350510
6357350550
6548200000
6765350510
6844300000
6838250550
6802250550
6160550550
6691450550
6235850100
6630200000
6655800000
6806650510
6599150510
6630350100
6656111005
6655750550
6538800000
6147150550
6852550550
6338050100
6506700000
6802450510
6823115000
6431950100
6796900000
6071450100
6829550550
6708750100
6463300000
6602300000
6501600000
6271311001
6685750510
6104450550
6769111001
6372050510
6703100000
6407450100
6222250550
6196050510
6828611005
6389600000
6655950550
6389480880
6530550550
6747850100
6389500000
6514250550
6656050550
6493350510
6540450550
6540515000
6540350510
6710300000
6485615000
6774311001
6710200000
6139711005
6394711005
6499415000
6552215000
6649211005
6768250510
6271100000
6424750550
6700250100
6620615000
6722450100
6602500000
6814150550
6627550550
6602411005
6257500000
6264000000
6279100000
6468550550
6264250100
6468750100
6468650550
6264100000
6279200000
6165100000
6356350100
6230350510
6208200000
6558600000
6542900000
6585115000
6456000000
6848000000
6808400000
6558350550
6482315000
6427050550
6426700000
6564415000
6774200000
6613150550
6437300000
6437450100
6386750510
6386450550
6777300000
6612915000
6187850890
6530350510
6600750510
6575550550
6513100000
6813450550
6530211005
6151200000
6151300000
6572550550
6528911001
6130250100
6586311001
6164850550
6669400000
6586400000
6265050550
6240200000
6264950550
6265150100
6777415000
6510250550
6528750550
6652650510
6478350510
6791050100
6772611005
6707850510
6384811001
6707950510
6312350550
6197750100
6603250550
6272150550
6246600000
6119650100
6197800000
6340700000
6379115000
6359750100
6197500000
6700450550
6454400000
6662150550
6067611005
6154700000
6113300000
6550800000
6113400000
6113750550
6529300000
6097900000
6547950550
6835400000
6356400000
6282400000
6282350510
6593800000
6265215000
6130650100
6175400000
6311780880
6311850550
6175500000
6435050550
6543450100
6707600000
6543300000
6737911001
6561100000
6649950550
6553850510
6650711005
6370050100
6650511005
6650050550
6062100000
6231650550
6459950100
6516900000
6516711005
6780615000
6744150510
6033500000
6768600000
6529150550
6268850550
6158050510
6717200000
6846250550
6168600000
6255100000
6660450550
6793450550
6660115000
6660200000
6719011005
6741800000
6024500000
6024600000
6250300000
6024400000
6482850550
6149650100
6706050510
6697515000
6817450550
6482450550
6705911005
6410700000
6128500000
6150900000
6638250550
6438115000
6282211005
6848750550
6437800000
6596200000
6552011005
6790550550
6724650510
6831850550
6732350550
6238550100
6569050550
6238400000
6735200000
6783250550
6763500000
6735400000
6795750510
6820250510
6735500000
6820150100
6847800000
6793715000
6374600000
6246011005
6195850510
6376350550
6626400000
6691011005
6691215000
6319515000
6691150550
6399911005
6387150100
6068200000
6223750510
6233800000
6448211005
6814050100
6804850100
6732550550
6454550510
6030750550
6340050550
6308850550
6320950550
6701311005
6661815000
6801650550
6801700000
6504200000
6504550550
6734750510
6538100000
6702550510
6654300000
6225850550
6248150510
6538000000
6598550550
6099900000
6241750550
6818915000
6376700000
6376611005
6047400000
6076850550
6422900000
6848450510
6555611005
6720050100
6423000000
6409600000
6462415000
6718150550
6601611005
6446850550
6725250550
6102400000
6255611001
6780011001
6115150510
6689315000
6500400000
6462515000
6309300000
6321115000
6247811005
6691950510
6604411005
6299500000
6574300000
6682750550
6033200000
6345211005
6410250550
6374400000
6489750510
6398550550
6489850100
6625411005
6451511005
6250050510
6313650100
6739615000
6098600000
6372211001
6839600000
6294715000
6053500000
6053415000
6025200000
6025700000
6335350510
6294615000
6757050100
6787450510
6725400000
6837511005
6718815000
6810450510
6725300000
6813750100
6811000000
6738550510
6728550550
6828815000
6270415000
6830750550
6308311001
6270300000
6170911005
6170850510
6419350550
6781500000
6761750550
6661915000
6788415000
6781350550
6811811001
6811750100
6828550100
6100850550
6364911001
6364711005
6364650510
6190500000
6377850510
6377911005
6271850510
6603015000
6338500000
6411515000
6271911005
6498300000
6813650510
6813550510
6809500000
6498200000
6716200000
6137150510
6851650550
6603350550
6785250100
6797615000
6834815000
6797700000
6185900000
6507000000
6202650510
6186000000
6048650100
6263050510
6339800000
6034000000
6686150100
6034100000
6048200000
6124700000
6124950510
6226800000
6124800000
6383150510
6125111005
6681450550
6817950550
6391950100
6334850550
6589800000
6500350550
6589750510
6744300000
6259450510
6822550510
6809150550
6159700000
6518100000
6443515000
6518050100
6420115000
6443400000
6204900000
6202950550
6227200000
6277200000
6203050100
6266800000
6253350100
6316750100
6212450510
6311650550
6205415000
6434850510
6395250550
6295500000
6449411001
6442300000
6442550550
6442650100
6473880880
6595250510
6442750550
6473650550
6442450100
6473950100
6473750550
6227650100
6263300000
6227500000
6277600000
6227400000
6662350550
6339600000
6276850510
6227150510
6091615000
6091750550
6173550550
6123900000
6319900000
6425115000
6397100000
6396900000
6371415000
6334515000
6269250550
6334450100
6286900000
6809250100
6057400000
6057650550
6057550550
6504400000
6833300000
6174100000
6827150550
6413811001
6665411005
6807015000
6702050550
6424550100
6817115000
6746015000
6278100000
6383950550
6278550100
6278750550
6278650100
6468150550
6570150100
6804450550
6278450510
6794015000
6271600000
6358250100
6655400000
6504311001
6605511005
6557750510
6358100000
6387911001
6558900000
6074250550
6251711005
6705650510
6825500000
6802350550
6698500000
6315850550
6845550550
6456400000
6507450100
6095600000
6163111001
6686300000
6507300000
6750900000
6229300000
6431800000
6607750100
6728150510
6641450510
6813250550
6683000000
6053600000
6165550550
6152750510
6525200000
6298015000
6195500000
6067150550
6091900000
6308200000
6308111001
6525100000
6160215000
6195350510
6001100000
6710150550
6584800000
6749311001
6015750550
6015611005
6791150100
6690415000
6103200000
6062750550
6677550550
6506900000
6608050510
6048711005
6227000000
6152300000
6682950510
6683150550
6404900000
6827450550
6766700000
6053715000
6458150100
6152450510
6436750900
6709750100
6253950550
6288911001
6395000000
6446750550
6421650510
6499611001
6394900000
6135650550
6766150550
6198050550
6726800000
6701050550
6788850550
6774600000
6774500000
6056500000
6683500000
6595000000
6741615000
6714350100
6754911005
6074000000
6783700000
6783400000
6783850550
6783600000
6587400000
6134400000
6783500000
6099600000
6390750100
6576711001
6683611005
6362750510
6534400000
6411311001
6400050100
6377300000
6627050550
6424050100
6534600000
6534915000
6377050100
6598815000
6424150510
6377111001
6782250100
6490700000
6598650510
6832400000
6747050510
6612411005
6407800000
6393450550
6408100000
6392800000
6309000000
6591050510
6584000000
6093550550
6067200000
6092150550
6067300000
6245850510
6091800000
6160000000
6245911001
6160150510
6853150550
6721400000
6245550100
6366250550
6197311005
6424900000
6319750510
6092750550
6118950510
6067750100
6092600000
6223000000
6850300000
6835500000
6704700000
6119100000
6489400000
6827911001
6768450550
6581211001
6745350550
6676811005
6676900000
6838300000
6448915000
6409200000
6371650510
6757615000
6725650550
6725550550
6109000000
6312200000
6140750510
6369850550
6651111005
6234350550
6257611005
6025650550
6132415000
6025300000
6110900000
6110850550
6304411001
6025400000
6177050550
6848611001
6835611005
6110200000
6669900000
6230411005
6110350510
6052215000
6151550100
6052100000
6334950510
6307611005
6335000000
6116250550
6092500000
6197650550
6067515000
6118850550
6444200000
6331015000
6444150550
6518950510
6243111005
6835100000
6519111005
6826200000
6601200000
6616050550
6765615000
6616150100
6597450550
6597500000
6810811005
6744411001
6367100000
6551800000
6659750510
6136611001
6155250550
6136850100
6367300000
6499050100
6551550510
6499250550
6385200000
6264550510
6279811005
6303115000
6303250550
6325000000
6560800000
6809715000
6767400000
6767350510
6825250100
6800750100
6551600000
6648350510
6725050510
6739850510
6740150100
6730050510
6764800000
6764950100
6730150510
6751215000
6797811005
6852450550
6367200000
6800500000
6766950510
6058300000
6444500000
6519211005
6114300000
6114115000
6137511001
6114215000
6137450510
6014700000
6519011005
6678000000
6245415000
6100900000
6113500000
6242850550
6443915000
6155050550
6708650510
6175900000
6668000000
6572900000
6083700000
6187500000
6770450510
6728850550
6708850550
6436100000
6236300000
6728650550
6789350550
6708950550
6709050550
6666211005
6837711005
6180600000
6623100000
6254250550
6136750100
6518600000
6213250550
6254150550
6028300000
6706750550
6776400000
6666511005
6761300000
6088700000
6411800000
6745750100
6535800000
6773350510
6027400000
6305950550
6103400000
6047800000
6748615000
6149350510
6727750550
6540050510
6665311005
6174200000
6082411001
6180400000
6062500000
6666400000
6728200000
6256750550
6661050550
6758750550
6062650550
6699511001
6813815000
6661250550
6256650100
6837850550
6719950510
6623000000
6256850550
6661111005
6813900000
6709150510
6667950550
6667850510
6635715000
6109700000
6728915000
6600111005
6436000000
6709350550
6436200000
6058415000
6232115000
6232200000
6330611005
6519550510
6179350100
6519450510
6179211005
6762650550
6733850550
6733950100
6734215000
6427400000
6734150100
6427250550
6584400000
6565315000
6565250550
6772950550
6793950550
6247911005
6793800000
6663100000
6073050550
6389000000
6388750550
6004750510
6795015000
6389150550
6594650100
6189100000
6330700000
6519600000
6616300000
6824650550
6683250550
6836550100
6712950550
6713050100
6828050510
6713350510
6713215000
6838000000
6713150100
6825400000
6467950550
6508100000
6414650550
6483700000
6468015000
6414500000
6706650550
6558550100
6542500000
6569950510
6602950510
6118750550
6182650100
6738800000
6206200000
6571250510
6020700000
6325915000
6850111001
6832850510
6850250550
6823815000
6361350550
6390150510
6191100000
6550900000
6578015000
6578115000
6659250100
6444315000
6774115000
6820915000
6578250550
6518811001
6560415000
6232050100
6283450550
6785800000
6760411005
6283300000
6614615000
6559750100
6147450550
6236250100
6080615000
6319650100
6236100000
6246315000
6171400000
6266100000
6087350550
6515915000
6587650550
6087200000
6515615000
6074400000
6273500000
6240611001
6240750550
6250900000
6735100000
6514150550
6365200000
6155400000
6213700000
6834550550
6444415000
6776700000
6444000000
6729400000
6739111005
6850519000
6729300000
6284700000
6358500000
6284550510
6826811001
6315150550
6228911005
6668100000
6404200000
6671450550
6444600000
6213800000
6519300000
6078750510
6037400000
6037550100
6741100000
6152600000
6778200000
6820550510
6058550550
6330950510
6433811001
6853250550
6828700000
6174750550
6706200000
6815150510
6665900000
6706100000
6815000000
6724350550
6840950100
6789111001
6326050550
6797950100
6778411005
6239050510
6263750100
6249011005
6572150550
6572200000
6572350550
6828900000
6829811001
6722200000
6362600000
6454850550
6320600000
6603950550
6603800000
6525400000
6691515000
6411250100
6556550100
6805350550
6140315000
6003850510
6852600000
6696750100
6799411009
6340311005
6081550510
6094211005
6680900000
6429850550
6505150550
6429111001
6429750550
6429650100
6429450550
6390500000
6754850100
6402900000
6403000000
6504900000
6746800000
6526450510
6504715000
6526200000
6504600000
6526300000
6083600000
6146950550
6272911005
6223650550
6794650510
6039450100
6039200000
6014300000
6014150550
6356050550
6409500000
6582250100
6581900000
6758400000
6758500000
6758211005
6137200000
6113900000
6405550550
6247350550
6816250550
6564050100
6722500000
6792550550
6792400000
6282100000
6387250100
6250400000
6547450550
6043800000
6510500000
6510650550
6547050510
6722050100
6722100000
6829000000
6515300000
6643450100
6765815000
6618115000
6845411001
6510900000
6053800000
6823050510
6815915000
6207650100
6207750550
6207400000
6638180810
6657950100
6492350550
6505350100
6322400000
6430311005
6132015000
6404700000
6805850100
6132150550
6188700000
6132350100
6053350550
6795350550
6132211005
6586850550
6486400000
6440411005
6510700000
6694115000
6637911001
6502715000
6656950550
6195950550
6144000000
6652815000
6104350550
6803400000
6449300000
6159150100
6820611005
6742100000
6695100000
6242900000
6114050100
6329911005
6645700000
6330011005
6491815000
6774000000
6746100000
6762450550
6833150510
6746211005
6762550510
6773911005
6161600000
6200011001
6343100000
6275350550
6275450100
6853390000
6721000000
6489950550
6555850550
6398711005
6690750550
6038400000
6174900000
6412000000
6628300000
6412115000
6309100000
6464850510
6590900000
6831000000
6724011005
6759850550
6203550550
6494150510
6542450550
6142100000
6679750510
6724850510
6054050550
6767100000
6767011005
6647900000
6831950510
6648711005
6438050510
6498915000
6366700000
6290750510
6290800000
6588600000
6716915000
6725150510
6800650510
6717100000
6228300000
6804350550
6278311005
6400615000
6641000000
6458250510
6041900000
6743350510
6102300000
6575250100
6098750550
6553311001
6561400000
6650650550
6561300000
6553650510
6650400000
6140900000
6553500000
6370350510
6660600000
6177100000
6724100000
6730950510
6276550550
6752900000
6785300000
6785150550
6818700000
6841250550
6636450550
6785450510
6764600000
6061011005
6042000000
6749615000
6749750550
6527211005
6812000000
6278211001
6377250550
6160450550
6102100000
6779900000
6499511001
6044800000
6215700000
6742950550
6421350550
6843000000
6246700000
6788750100
6838815000
6197950550
6565100000
6773850100
6692200000
6379615000
6274100000
6180500000
6768100000
6666350510
6666650550
6368600000
6588911001
6499350550
6291400000
6849550100
6532500000
6394880510
6337100000
6336700000
6461615000
6601350550
6330811005
6040550550
6330511005
6340650550
6564215000
6340850550
6480400000
6111411005
6304850100
6251511005
6422100000
6755300000
6233750100
6268350510
6422000000
6676411001
6292611001
6580550510
6827800000
6408911005
6502850550
6299415000
6277400000
6239800000
6239700000
6249815000
6353711001
6239900000
6250100000
6304750550
6586750550
6454700000
6655150550
6554100000
6715000000
6135350100
6135050550
6158100000
6370750550
6742200000
6306611005
6457515000
6572650100
6387050510
6062250550
6690150510
6141411005
6714500000
6316550100
6328850550
6316400000
6695000000
6419100000
6511200000
6572800000
6202350550
6761215000
6622911001
6548900000
6730850550
6547800000
6694700000
6805900000
6821350550
6176911001
6419900000
6517111005
6419850100
6363711005
6316850550
6497250100
6419700000
6487600000
6487500000
6572450550
6613550100
6270550550
6222715000
6682100000
6658100000
6559300000
6529200000
6559200000
6511450550
6230050550
6208150550
6230250550
6207900000
6593350100
6638400000
6638700000
6773500000
6584350550
6815600000
6229600000
6777715000
6438200000
6547350510
6250550100
6803015000
6298500000
6817000000
6427700000
6774400000
6663815000
6199750510
6092200000
6825950550
6612850510
6710400000
6761911005
6816800000
6205350550
6434711005
6312150550
6164311005
6821600000
6806550100
6735615000
6820711005
6816100000
6775450100
6261000000
6701650510
6308950550
6425300000
6425411005
6502150510
